1478292034.81599998	3188.90999999999985
1478292232.43400002	3184.80000000000018
1478292245.43300009	3179.76999999999998
1478292273.66100001	3175.69999999999982
1478292283.90499997	3170.98999999999978
1478292292.8210001	3167.92999999999984
1478292293.79399991	3163.30000000000018
1478292304.8900001	3158.11999999999989
1478292306.07800007	3161.38999999999987
1478292306.89299989	3165.25
1478292307.148	3169.67000000000007
1478292307.875	3174.25
1478292395.49499989	3174.26000000000022
1478292396.06299996	3169.09000000000015
1478292405.27800012	3162.9699999999998
1478292417.42199993	3159.15999999999985
1478292453.17400002	3159.76000000000022
1478292453.42199993	3164.32999999999993
1478292469.65499997	3164.23999999999978
1478292470.86999989	3173.36999999999989
1478292484.32200003	3169.55999999999995
1478292487.49399996	3173.07999999999993
1478292495.22799993	3177.48000000000002
1478292501.71700001	3178.65999999999985
1478292502.67199993	3188.61999999999989
1478292525.68199992	3192.46000000000004
1478292527.83500004	3187
1478292528.14499998	3182.46000000000004
1478292529.15899992	3174.42999999999984
1478292557.63000011	3178.46000000000004
1478292882.02800012	3174.07999999999993
1478292896.2420001	3170.53999999999996
1478292897.11199999	3164.84000000000015
1478292904.54999995	3160.92000000000007
1478292905.6730001	3153.15999999999985
1478292914.08500004	3150.86000000000013
1478292990.43899989	3146.23999999999978
1478292990.59299994	3143.63999999999987
1478292991.81399989	3133.23999999999978
1478293018.63100004	3130.78999999999996
1478293018.78500009	3125.5300000000002
1478293019.9690001	3119.55000000000018
1478293021.70700002	3115.94000000000005
1478293043.77699995	3121
1478293094.0079999	3125.86000000000013
1478293145.9289999	3129.44000000000005
1478293207.33500004	3133.86999999999989
1478293313.62800002	3137.30999999999995
1478293567.77200007	3139.67999999999984
1478293569.92499995	3152.11999999999989
1478293570.90100002	3156.65999999999985
1478293602.14700007	3157.11000000000013
1478293603.16499996	3162.42999999999984
1478293621.12599993	3165.5
1478293622.8670001	3172.26999999999998
1478293678.20000005	3175.63000000000011
1478293732.31200004	3178.71000000000004
1478293866.0769999	3178.32999999999993
1478293866.94899988	3191.86999999999989
1478293868.22799993	3187.48000000000002
1478293880.07299995	3193.4699999999998
1478293906.23799992	3189.25
1478294712.63899994	3185.86999999999989
1478294722.56399989	3181.53999999999996
1478294730.40499997	3177.82000000000016
1478294738.53699994	3173.73999999999978
1478294751.64499998	3167.88000000000011
1478294780.727	3162.32999999999993
1478294790.91799998	3157.76000000000022
1478294794.85899997	3153.82000000000016
1478294795.92199993	3164.78999999999996
1478294797.09699988	3170.59999999999991
1478294804.84100008	3165.17999999999984
1478294814.88199997	3160.13999999999987
1478294823.87199998	3162.5
1478294824.02900004	3166.44000000000005
1478294836.93799996	3161.82000000000016
1478294852.2809999	3157.36999999999989
1478294855.00200009	3155.7199999999998
1478294856.33299994	3147.59999999999991
1478294857.25600004	3143.0300000000002
1478294858.08400011	3137.94999999999982
1478294859.06500006	3130.15000000000009
1478294863.36100006	3128.01999999999998
1478294863.8829999	3123.73000000000002
1478294864.86299992	3116.86999999999989
1478294868.86599994	3110.86000000000013
1478294868.9230001	3105.03999999999996
1478294870.10299993	3099.26999999999998
1478294872.04500008	3104.25
1478294873.88400006	3097.73000000000002
1478294874.03999996	3091.26999999999998
1478294875.16499996	3084.26999999999998
1478294876.18199992	3090.05999999999995
1478294880.39400005	3090.42999999999984
1478294881.25900006	3081.55999999999995
1478294882.28399992	3071.48999999999978
1478294884.18499994	3077.15000000000009
1478294889.39599991	3073.92000000000007
1478294896.56100011	3072.61000000000013
1478294897.28200006	3067.67000000000007
1478294904.03699994	3065.15999999999985
1478294904.2420001	3060.69000000000005
1478294916.22000003	3059.40999999999985
1478294926.25500011	3063.65000000000009
1478294940.37199998	3066.73000000000002
1478294950.25	3071.55999999999995
1478294964.4230001	3077.23000000000002
1478294981.46099997	3081.9699999999998
1478294991.7420001	3086.28999999999996
1478295004.68099999	3092.07999999999993
1478295026.77699995	3096.44000000000005
1478295041.69099998	3100.07000000000016
1478295056.81699991	3103.73000000000002
1478295070.83200002	3108.36000000000013
1478295091.13700008	3113.23999999999978
1478295120.13400006	3119.07999999999993
1478295136.14400005	3123.88999999999987
1478295140.99600005	3129.57999999999993
1478295141.1500001	3128.76000000000022
1478295142.227	3139.80999999999995
1478295146.22900009	3137.15000000000009
1478295147.15199995	3151.15000000000009
1478295148.23000002	3159.36999999999989
1478295150.16799998	3164.75
1478295154.26200008	3159.92000000000007
1478295190.16899991	3155.21000000000004
1478295233.43799996	3150.80999999999995
1478295253.79299998	3146.94999999999982
1478295286.88400006	3142.61000000000013
1478295293.75	3143.17999999999984
1478295294.87199998	3131.17000000000007
1478295295.95000005	3123.57000000000016
1478295305.76399994	3127.76999999999998
1478295360.14299989	3124.59000000000015
1478295361.21600008	3115.67999999999984
1478295383.16300011	3120.40000000000009
1478295471.50900006	3125.36999999999989
1478295607.11299992	3130.38000000000011
1478295625.24000001	3126.07000000000016
1478295638.23900008	3121.17999999999984
1478295678.58299994	3125.7800000000002
1478295712.53500009	3130.05999999999995
1478295894.2650001	3124.61999999999989
1478295907.57800007	3119.4699999999998
1478295915.10299993	3114.48000000000002
1478295920.16300011	3109.86999999999989
1478295925.3829999	3106.03999999999996
1478295932.40100002	3101.07999999999993
1478295938.4849999	3096.88999999999987
1478295952.5769999	3093.09000000000015
1478295960.3599999	3088.05999999999995
1478296014.56500006	3083.9699999999998
1478296070.98300004	3079.01000000000022
1478296102.90899992	3073.65999999999985
1478296103.06699991	3067.96000000000004
1478296104.07999992	3062.44999999999982
1478296124.08699989	3057.86000000000013
1478296128.13100004	3052.38999999999987
1478296129.102	3046.84000000000015
1478296130.18199992	3040.46000000000004
1478296137.454	3043.30999999999995
1478296138.26999998	3033.98999999999978
1478296139.03900003	3029.05999999999995
1478296139.09299994	3024.51999999999998
1478296140.11599994	3014.28999999999996
1478296140.98900008	3009.94999999999982
1478296142.32200003	3005.17000000000007
1478296144.421	3010.84999999999991
1478296152.46000004	3002.32000000000016
1478296162.398	3008.01999999999998
1478296169.30900002	3000.84000000000015
1478296169.46700001	2993.05999999999995
1478296170.43799996	2988.30999999999995
1478296172.59699988	2993.76000000000022
1478296185.31800008	2998.84000000000015
1478296203.36500001	3003.26000000000022
1478296215.49099994	3007.69999999999982
1478296226.50099993	3012.67999999999984
1478296244.42499995	3017.30000000000018
1478296260.49499989	3020.94999999999982
1478296273.77699995	3025.30999999999995
1478296285.89899993	3029.94000000000005
1478296306.78299999	3034.40000000000009
1478296336.98300004	3038.82000000000016
1478296363.34899998	3041.94000000000005
1478296365.2980001	3046.38000000000011
1478296366.21499991	3052.51999999999998
1478296366.37299991	3059.07999999999993
1478296369.08200002	3060.98000000000002
1478296370.15700006	3066.2800000000002
1478296370.31299996	3072.13000000000011
1478296396.1789999	3067.59000000000015
1478296440.43199992	3063.0300000000002
1478296569.85800004	3059.67000000000007
1478296634.12599993	3065.88000000000011
1478296634.18099999	3072.63000000000011
1478296648.08200002	3067.86000000000013
1478296671.26900005	3074.98999999999978
1478296699.56699991	3079.53999999999996
1478296699.82500005	3085.42000000000007
1478296706.59699988	3082.07000000000016
1478296725.69099998	3084
1478296726.66300011	3090.44000000000005
1478296735.68099999	3085.88000000000011
1478296752.94700003	3090.94000000000005
1478296768.65400004	3095.57000000000016
1478296768.80900002	3100.65999999999985
1478296776.83899999	3095.36999999999989
1478296788.09800005	3094.63000000000011
1478296789.07299995	3105.7800000000002
1478296793.64199996	3102.48999999999978
1478296802.07599998	3100.82000000000016
1478296802.74399996	3095.07999999999993
1478296802.8039999	3088.21000000000004
1478296812.96700001	3085.28999999999996
1478296813.99099994	3081.4699999999998
1478296814.148	3077.88000000000011
1478296814.91899991	3071.09999999999991
1478296818.22799993	3076.15000000000009
1478296820.9920001	3080.01000000000022
1478296821.148	3086.34999999999991
1478296826.73600006	3081.57999999999993
1478296833.96000004	3087.82000000000016
1478296834.93400002	3086.55000000000018
1478296835.08500004	3080.19000000000005
1478296836.25200009	3074.26999999999998
1478296836.40899992	3068.17999999999984
1478296839.12299991	3073.57999999999993
1478296927.0769999	3078.40000000000009
1478296953.2579999	3082.5300000000002
1478296982.4230001	3088
1478296984.63199997	3096.19999999999982
1478296988.61299992	3090.57000000000016
1478296990.40199995	3097.63000000000011
1478296990.7190001	3104.19999999999982
1478296995.82200003	3099.2800000000002
1478297093.53800011	3104.5
1478297094.3499999	3110.21000000000004
1478297094.65899992	3115.63000000000011
1478297109.05999994	3122.23000000000002
1478297121.30900002	3122.5300000000002
1478297122.18199992	3128.88999999999987
1478297136.14599991	3131.01999999999998
1478297191.15400004	3135.2199999999998
1478297264.86599994	3133.92000000000007
1478297266.03299999	3145.80999999999995
1478297277.94099998	3142.19000000000005
1478297283.87299991	3147.26999999999998
1478297311.78299999	3151.03999999999996
1478297312.96499991	3156.78999999999996
1478297334.94400001	3159.84999999999991
1478297354.25600004	3160.7199999999998
1478297355.079	3164.82999999999993
1478297453.227	3169.34999999999991
1478297465.48799992	3173.59000000000015
1478297474.50099993	3178.07000000000016
1478297549.59299994	3182.13999999999987
1478297868.33200002	3178.44000000000005
1478298108.25900006	3180.78999999999996
1478298172.18400002	3184.65000000000009
1478298498.68799996	3189.44999999999982
1478298553.10100007	3195.48000000000002
1478298680.72099996	3199.76000000000022
1478298733.59299994	3203.5300000000002
1478298790.69099998	3208.28999999999996
1478298952.2750001	3213.11999999999989
1478299018.98799992	3218.5300000000002
1478299019.14700007	3223.7199999999998
1478299028.97900009	3225.63999999999987
1478299029.18799996	3231.01000000000022
1478299030.11100006	3220.96000000000004
1478299030.72399998	3216.59999999999991
1478299031.28600001	3212.25
1478299032.27600002	3207.55000000000018
1478299032.90300012	3202.32999999999993
1478299048.96600008	3206.09000000000015
1478299078.98200011	3212.09000000000015
1478299087.2249999	3217.0300000000002
1478299095.16300011	3222.48000000000002
1478299104.02099991	3226.69999999999982
1478299105.24900007	3223.30000000000018
1478299106.2809999	3217.92000000000007
1478299106.99399996	3214.65999999999985
1478299144.04699993	3212.65999999999985
1478299145.21499991	3206.86999999999989
1478299155.36400008	3201.32999999999993
1478299196.69499993	3206.15999999999985
1478299201.59800005	3199.96000000000004
1478299202.31500006	3194.75
1478299204.31800008	3190.92000000000007
1478299243.88199997	3195.17000000000007
1478299422.67400002	3192.55999999999995
1478299422.97799993	3187.76999999999998
1478299423.89700007	3181.13000000000011
1478299426.72799993	3178.2199999999998
1478299427.35400009	3172.2800000000002
1478299427.80999994	3165.78999999999996
1478299431.56299996	3163.86999999999989
1478299432.17700005	3159.5300000000002
1478299432.68799996	3155.30999999999995
1478299435.25900006	3155.09000000000015
1478299436.38000011	3149.2800000000002
1478299436.58400011	3144.11999999999989
1478299437.81399989	3139.23000000000002
1478299438.01799989	3134.76000000000022
1478299438.5769999	3131.23999999999978
1478299441.79099989	3125.63000000000011
1478299442.68799996	3118.19999999999982
1478299450.58200002	3121.55999999999995
1478299462.35500002	3126.19999999999982
1478299478.77900004	3131.34999999999991
1478299493.50999999	3135.34999999999991
1478299516.18300009	3139.82999999999993
1478299542.8210001	3144.2199999999998
1478299569.27200007	3149.86000000000013
1478299628.40400004	3154.15999999999985
1478299679.51200008	3158.17000000000007
1478299679.7190001	3165.2199999999998
1478299680.9000001	3169.55000000000018
1478299681.81699991	3179.38999999999987
1478299686.64599991	3177.94000000000005
1478299687.67000008	3187.44999999999982
1478299687.9749999	3195.25
1478299692.64199996	3199.92000000000007
1478299692.99799991	3206.96000000000004
1478299695.70799994	3207.32000000000016
1478299696.79399991	3212.92999999999984
1478299697.05200005	3220.09000000000015
1478299702.33100009	3221.42999999999984
1478299702.69700003	3225.94000000000005
1478299703.77200007	3232.5
1478299704.7980001	3227.21000000000004
1478299705.77099991	3215.23999999999978
1478299706.75300002	3212.01999999999998
1478299706.96000004	3207.65999999999985
1478299730.41000009	3202.94000000000005
1478299751.56900001	3197.80000000000018
1478299766.602	3193.26000000000022
1478299785.00600004	3187.75
1478299822.94400001	3183.15000000000009
1478299917.47399998	3179.0300000000002
1478300189.25600004	3181.67999999999984
1478300189.83200002	3170.30000000000018
1478300190.57999992	3166.75
1478300216.06999993	3164.11999999999989
1478300216.8829999	3159.17999999999984
1478300217.13800001	3154.86000000000013
1478300217.86199999	3151.2199999999998
1478300218.06900001	3147.32999999999993
1478300234.51999998	3143.78999999999996
1478300235.04099989	3136.71000000000004
1478300241.53800011	3141.2199999999998
1478300400.42799997	3137.0300000000002
1478300440.73000002	3133.67000000000007
1478300441.74799991	3126.88999999999987
1478300442.0079999	3120.65000000000009
1478300446.74499989	3118.34999999999991
1478300447.352	3112.61999999999989
1478300447.71499991	3106.80000000000018
1478300448.28500009	3102.01999999999998
1478300458.19400001	3106.48000000000002
1478300486.68000007	3111
1478300511.60299993	3109.48999999999978
1478300512.21799994	3102
1478300525.625	3107.13000000000011
1478300556.73300004	3112.05999999999995
1478300599.44099998	3115.90000000000009
1478300663.39700007	3120.42000000000007
1478300701.48000002	3123.09999999999991
1478300702.54299998	3126.55999999999995
1478300702.704	3133.82999999999993
1478300703.72799993	3140.63000000000011
1478300704.03299999	3146
1478300707.36800003	3140.76999999999998
1478300708.44199991	3144.13999999999987
1478300708.7420001	3151.73000000000002
1478300709.51600003	3157.09000000000015
1478300714.64400005	3160.88999999999987
1478300715.55900002	3166.96000000000004
1478300716.023	3172.15000000000009
1478300720.48300004	3177.94000000000005
1478300720.68300009	3182.84000000000015
1478300721.65700006	3187.76000000000022
1478300721.91100001	3192.5300000000002
1478300726.78399992	3194.05000000000018
1478300727.66499996	3199.98000000000002
1478300727.87400007	3203.82999999999993
1478300728.73699999	3208.63000000000011
1478300735.34200001	3204.09999999999991
1478300750.96199989	3199.17999999999984
1478300765.01900005	3194.19999999999982
1478300773.76999998	3189.19000000000005
1478300795.12299991	3184.23000000000002
1478300808.91300011	3179.11000000000013
1478300827.25099993	3174.92000000000007
1478300832.27399993	3167.98000000000002
1478300832.87899995	3162.28999999999996
1478300833.39199996	3157.76999999999998
1478300843.38700008	3153.15000000000009
1478300850.2019999	3146.57000000000016
1478300850.40499997	3141.44999999999982
1478300851.07800007	3136.90000000000009
1478300880.44499993	3134.88999999999987
1478300880.74399996	3131.19999999999982
1478300881.66799998	3125.05000000000018
1478300881.82500005	3120.17999999999984
1478300882.53500009	3115.67999999999984
1478300886.34200001	3120.55000000000018
1478300975.43400002	3125.11999999999989
1478300995.50699997	3130.90999999999985
1478301048.67499995	3135.15000000000009
1478301100.90400004	3129.80000000000018
1478301113.4849999	3124.7199999999998
1478301120.56200004	3119.44999999999982
1478301140.47399998	3114.7800000000002
1478301168.1789999	3110.90999999999985
1478301228.72000003	3115.32999999999993
1478301236.75600004	3121.42999999999984
1478301250.99000001	3126.4699999999998
1478301280.91300011	3131.30000000000018
1478301364.89400005	3135.44000000000005
1478301572.72900009	3141.84000000000015
1478301573.398	3147.40999999999985
1478301573.75699997	3152.40999999999985
1478301593.86400008	3148.59000000000015
1478301596.26399994	3156.2800000000002
1478301596.42000008	3160.92000000000007
1478301597.54900002	3169.86999999999989
1478301600.4230001	3165.5300000000002
1478301623.79200006	3167.78999999999996
1478301624.45300007	3172.88000000000011
1478301624.75900006	3177.23999999999978
1478301625.93799996	3183.23000000000002
1478301660.35700011	3186.17999999999984
1478301713.64499998	3191.2800000000002
1478301807.12700009	3192.13000000000011
1478301930.25500011	3195.84999999999991
1478303833.12599993	3200.67000000000007
1478303847.00300002	3196.23000000000002
1478304114.11500001	3200.69999999999982
1478305172.38400006	3196.94000000000005
1478305446.90400004	3191.59000000000015
1478305448.47900009	3196.94000000000005
1478305470.43899989	3194.73999999999978
1478309834.60299993	3191.82000000000016
1478310383.81100011	3195.26999999999998
1478313118.00300002	3193.01999999999998
1478313833.21000004	3197.05000000000018
1478314095.30699992	3193.34999999999991
1478314874.2420001	3195.94999999999982
1478315170.23699999	3200.86000000000013
1478315291.87599993	3196.17999999999984
1478315322.25300002	3194.57999999999993
1478315333.977	3189.61999999999989
1478315358.13499999	3193.30000000000018
1478315445.75	3188.15999999999985
1478315450.75600004	3191.32999999999993
1478315451.78900003	3195.65999999999985
1478315497.48000002	3192.07999999999993
1478315527.78999996	3195.73999999999978
1478315750.63499999	3191.48999999999978
1478316198.24799991	3195.4699999999998
1478316714.30699992	3198.71000000000004
1478319216.65899992	3201.48999999999978
1478319684.50999999	3198.30999999999995
1478321407.46499991	3194.69999999999982
1478321971.89899993	3198.90999999999985
1478322020.16100001	3202.5300000000002
1478322024.26300001	3195.67999999999984
1478322043.05299997	3201.03999999999996
1478322071.0309999	3196.38000000000011
1478322123.25300002	3199.44999999999982
1478322535.204	3196.48999999999978
1478322587.08999991	3201.19000000000005
1478322696.79699993	3196.7199999999998
1478328672.6960001	3200.4699999999998
1478329139.71600008	3205.86999999999989
1478329140.68799996	3199.82000000000016
1478330382.00900006	3196.44999999999982
1478331735.57299995	3200.5
1478331777.78200006	3196.73000000000002
1478331928.41400003	3201.11999999999989
1478332219.8900001	3197.34000000000015
1478334040.05299997	3193.23999999999978
1478334472.32500005	3192.4699999999998
1478334473.50600004	3201.17999999999984
1478334498.65400004	3196.84999999999991
1478334629.32299995	3201.51999999999998
1478334629.9230001	3206.84999999999991
1478334641.78999996	3202.01999999999998
1478335046.86400008	3206.11999999999989
1478335150.99300003	3200.98000000000002
1478335156.00999999	3204.98999999999978
1478336736.20799994	3201.73999999999978
1478340086.15300012	3197.67000000000007
1478340195.57800007	3201.26999999999998
1478340313.14400005	3197.09999999999991
1478341793.18899989	3193.94000000000005
1478343209.27800012	3199.26999999999998
1478343242.21000004	3201.94000000000005
1478346072.37400007	3198.11999999999989
1478347189.91199994	3196.17000000000007
1478347762.2809999	3193.07000000000016
1478349899.88499999	3197.32000000000016
1478350018.38199997	3194.73000000000002
1478351190.13000011	3195.59000000000015
1478351307.35899997	3199.09000000000015
1478351451.91799998	3203.23999999999978
1478351580.35599995	3198.84000000000015
1478351746.36199999	3194.76999999999998
1478352608.66199994	3198.59000000000015
1478353445.54399991	3193.67000000000007
1478354661.90300012	3191.23000000000002
1478354810.79900002	3195.61999999999989
1478355249.51900005	3191.61999999999989
1478356526.08999991	3196.44000000000005
1478356557.57200003	3191.40000000000009
1478356663.21199989	3195.65999999999985
1478356908.32200003	3200.73000000000002
1478356909.6960001	3195.09000000000015
1478356919.88899994	3199.71000000000004
1478357017.92000008	3195.25
1478357977.7650001	3196.75
1478358306.86500001	3198.90999999999985
1478358307.38499999	3204.23000000000002
1478358307.83899999	3208.75
1478358399.5150001	3213.84999999999991
1478358400.8440001	3219.42999999999984
1478358502.9460001	3224.23999999999978
1478358522.87100005	3228.48999999999978
1478358574.73900008	3231.36000000000013
1478358576.12100005	3236.90000000000009
1478358617.45700002	3241.7199999999998
1478358655.69400001	3245.86000000000013
1478358656.91599989	3252.15999999999985
1478358731.22799993	3256.92999999999984
1478358760.50500011	3252.13999999999987
1478358766.30299997	3247.53999999999996
1478358768.05999994	3242.40999999999985
1478358779.49399996	3239.19999999999982
1478358780.52200007	3233.4699999999998
1478358789.92400002	3237.55000000000018
1478358791.97799993	3233.59999999999991
1478358793.35100007	3227.69000000000005
1478358811.33899999	3233.19999999999982
1478358818.12700009	3227.69999999999982
1478358818.64499998	3223.59000000000015
1478358829.28399992	3219.36999999999989
1478358829.89400005	3214.84000000000015
1478358834.92400002	3208.30999999999995
1478358835.48600006	3204.34000000000015
1478358836.77099991	3199.69999999999982
1478358890.94899988	3196.46000000000004
1478359160.704	3193.94999999999982
1478359429.88400006	3189.25
1478360793.02399993	3193.82999999999993
1478361213.84899998	3189.88000000000011
1478361264.2980001	3194.7800000000002
1478361384.97600007	3188.73000000000002
1478361386.88199997	3194.40999999999985
1478361433.68899989	3191.44999999999982
1478361459.04699993	3190.15000000000009
1478361459.69799995	3180.75
1478361460.27399993	3167.59999999999991
1478361460.27399993	3167.59999999999991
1478361460.72199988	3028.55000000000018
1478361460.72199988	3028.55000000000018
1478361461.39400005	2770.40000000000009
1478361461.39400005	2770.40000000000009
1478361461.94700003	2253.76999999999998
1478361461.94700003	2253.76999999999998
1478361462.35899997	1811.88000000000011
1478361462.35899997	1811.88000000000011
1478361462.87299991	1693.07999999999993
1478361462.87299991	1693.07999999999993
1478361463.38899994	1665.69000000000005
1478361463.38899994	1665.69000000000005
1478361464.36400008	1805.46000000000004
1478361464.36400008	1805.46000000000004
1478361464.96000004	1825.53999999999996
1478361464.96000004	1825.53999999999996
1478361465.43199992	1843.16000000000008
1478361465.43199992	1843.16000000000008
1478361466.0940001	1856.76999999999998
1478361466.0940001	1856.76999999999998
1478361466.25200009	1867.53999999999996
1478361466.25200009	1867.53999999999996
1478361467.22799993	1877.68000000000006
1478361469.3269999	1869.47000000000003
1478361470.24699998	1863.6400000000001
1478361470.40199995	1858.52999999999997
1478361471.2809999	1850.8900000000001
1478361471.48699999	1842.17000000000007
1478361472.30100012	1833.97000000000003
1478361473.42499995	1814.25999999999999
1478361474.00099993	1808.8900000000001
1478361474.51600003	1803.53999999999996
1478361475.09100008	1794.83999999999992
1478361475.30100012	1786.96000000000004
1478361476.16899991	1782.25
1478361476.37800002	1777.09999999999991
1478361477.2420001	1770.44000000000005
1478361477.50099993	1763.07999999999993
1478361478.11400008	1757.6099999999999
1478361478.3210001	1749.72000000000003
1478361479.23399997	1743.75
1478361479.43899989	1737.99000000000001
1478361480.20799994	1730.94000000000005
1478361480.46000004	1722.55999999999995
1478361481.32200003	1713.90000000000009
1478361481.5250001	1704.52999999999997
1478361482.38899994	1696.29999999999995
1478361482.69400001	1688.74000000000001
1478361483.30599999	1681.22000000000003
1478361483.6099999	1673.69000000000005
1478361484.3210001	1663.93000000000006
1478361484.62299991	1655.83999999999992
1478361485.09500003	1648.63000000000011
1478361485.80699992	1640.5
1478361486.17700005	1632.80999999999995
1478361486.48000002	1626.72000000000003
1478361487.15400004	1620.67000000000007
1478361487.45900011	1614.25
1478361488.27699995	1606.44000000000005
1478361488.53500009	1597.24000000000001
1478361489.20000005	1589.01999999999998
1478361489.40899992	1581.94000000000005
1478361490.227	1575.88000000000011
1478361490.38700008	1569.83999999999992
1478361491.29999995	1563.33999999999992
1478361491.44400001	1556.8599999999999
1478361492.07999992	1549.24000000000001
1478361492.49600005	1541.71000000000004
1478361493.05699992	1534.17000000000007
1478361493.477	1526.6099999999999
1478361494.28800011	1519.08999999999992
1478361494.4460001	1511.57999999999993
1478361495.2650001	1503.5
1478361495.47399998	1496.02999999999997
1478361496.28800011	1488.09999999999991
1478361496.45300007	1479.58999999999992
1478361497.41499996	1471.55999999999995
1478361497.62299991	1463.68000000000006
1478361498.45799994	1455.47000000000003
1478361498.65799999	1447.19000000000005
1478361499.32299995	1438.42000000000007
1478361499.47900009	1430.20000000000005
1478361500.34899998	1422.01999999999998
1478361500.55699992	1413.54999999999995
1478361501.38400006	1404.88000000000011
1478361501.58800006	1396.53999999999996
1478361502.3599999	1389.01999999999998
1478361502.56299996	1381.3900000000001
1478361503.37800002	1372.92000000000007
1478361503.63700008	1364.96000000000004
1478361504.5	1357.1099999999999
1478361504.80599999	1348.43000000000006
1478361505.42499995	1339.75999999999999
1478361505.73099995	1332.54999999999995
1478361506.33699989	1325.69000000000005
1478361506.5940001	1319.20000000000005
1478361507.14299989	1312.67000000000007
1478361507.75399995	1305.59999999999991
1478361508.3670001	1298.93000000000006
1478361508.62199998	1291.26999999999998
1478361509.1960001	1284.44000000000005
1478361509.8039999	1277.77999999999997
1478361510.32299995	1273.06999999999994
1478361511.55599999	1267.58999999999992
1478361512.68000007	1262.11999999999989
1478361513.65300012	1257.65000000000009
1478361514.73000002	1251.68000000000006
1478361517.13800001	1247.86999999999989
1478361524.1730001	1253.03999999999996
1478361526.58100009	1257.98000000000002
1478361529.64599991	1263.27999999999997
1478361531.38599992	1267.28999999999996
1478361539.7809999	1263.23000000000002
1478361541.56699991	1258.40000000000009
1478361546.60100007	1253.51999999999998
1478361549.74699998	1257.8900000000001
1478361551.5769999	1262.43000000000006
1478361555.74499989	1257.29999999999995
1478361560.91000009	1261.25
1478361564.53600001	1258.92000000000007
1478361566.54299998	1253.83999999999992
1478361569.9849999	1260.30999999999995
1478361570.95600009	1265.66000000000008
1478361572.84699988	1262.30999999999995
1478361574.05800009	1256.73000000000002
1478361578.25	1261.23000000000002
1478361579.37199998	1267.41000000000008
1478361583.579	1262.19000000000005
1478361585.93499994	1256.75
1478361588.80100012	1259.50999999999999
1478361589.829	1265.86999999999989
1478361593.00699997	1262.68000000000006
1478361596.69199991	1257.70000000000005
1478361600.06900001	1259.80999999999995
1478361600.727	1264.27999999999997
1478361601.03699994	1269.41000000000008
1478361602.0150001	1275.02999999999997
1478361603.38599992	1270.97000000000003
1478361605.01699996	1266.5
1478361606.99099994	1261.84999999999991
1478361610.84500003	1257.1400000000001
1478361614.11199999	1264.21000000000004
1478361614.88700008	1267.48000000000002
1478361615.04299998	1271.29999999999995
1478361615.56399989	1274.97000000000003
1478361618.54399991	1269.90000000000009
1478361619.72099996	1264.76999999999998
1478361629.898	1260.69000000000005
1478361633.69899988	1265
1478361635.68799996	1270.09999999999991
1478361649.96300006	1265.46000000000004
1478361666.14499998	1260.1099999999999
1478361694.93300009	1262.8900000000001
1478361695.69799995	1267.84999999999991
1478361732.27399993	1261.88000000000011
1478361757.35599995	1257.05999999999995
1478361761.29999995	1262.56999999999994
1478361762.78500009	1268.47000000000003
1478361803.12700009	1263.3900000000001
1478361835.74499989	1258.34999999999991
1478361856.03299999	1264.55999999999995
1478361880.85599995	1260.27999999999997
1478361893.17799997	1263.96000000000004
1478361894.90400004	1269.5
1478361907.11500001	1264.53999999999996
1478361915.19899988	1259.40000000000009
1478361931.67700005	1264.46000000000004
1478361931.93400002	1268.81999999999994
1478361984.31299996	1264.46000000000004
1478362019.47099996	1259.04999999999995
1478362043.421	1262.77999999999997
1478362045.671	1268.05999999999995
1478362046.63899994	1273.26999999999998
1478362059.03699994	1268.53999999999996
1478362082.6170001	1263.75
1478362103.75500011	1258.24000000000001
1478362110.00699997	1263.66000000000008
1478362112.16700006	1269.84999999999991
1478362146.75399995	1264.58999999999992
1478362178.11100006	1260.05999999999995
1478362192.48200011	1264.70000000000005
1478362226.36599994	1259.79999999999995
1478362263.91899991	1254.97000000000003
1478362266.17400002	1259.86999999999989
1478362267.98200011	1264.97000000000003
1478362269.56299996	1270.86999999999989
1478362280.00699997	1265.8599999999999
1478362300.20499992	1260.88000000000011
1478362323.12700009	1256.00999999999999
1478362326.64400005	1261.26999999999998
1478362327.93199992	1266.93000000000006
1478362355.29999995	1262.06999999999994
1478362389.57800007	1257.32999999999993
1478362396.9519999	1262.22000000000003
1478362398.65799999	1267.06999999999994
1478362420.91700006	1262.1099999999999
1478362450.079	1257.55999999999995
1478362466.33800006	1262.25
1478362466.90799999	1267.3900000000001
1478362478.8440001	1264.79999999999995
1478362489.21600008	1259.41000000000008
1478362512.23900008	1262.19000000000005
1478362512.39599991	1267.75999999999999
1478362533.93400002	1263.31999999999994
1478362562.7019999	1258.57999999999993
1478362580.99000001	1254.70000000000005
1478362581.80999994	1265.00999999999999
1478362582.68000007	1269.49000000000001
1478362582.98200011	1273.8900000000001
1478362583.60100007	1277.67000000000007
1478362585.71799994	1272.47000000000003
1478362592.69400001	1267.52999999999997
1478362607.06699991	1262.47000000000003
1478362626.93899989	1256.8599999999999
1478362637.78399992	1261.76999999999998
1478362637.98900008	1266.21000000000004
1478362638.70600009	1270.75
1478362638.977	1274.27999999999997
1478362639.89599991	1278.51999999999998
1478362643.68600011	1273.30999999999995
1478362657.55800009	1268.38000000000011
1478362679.05599999	1263.33999999999992
1478362716.8599999	1258.36999999999989
1478362743.91599989	1261.6099999999999
1478362744.58400011	1266.13000000000011
1478362745.14700007	1271.1099999999999
1478362745.56100011	1275.57999999999993
1478362751.24499989	1271.70000000000005
1478362768.329	1266.69000000000005
1478362790.6789999	1262.07999999999993
1478362798.102	1256.86999999999989
1478362805.37599993	1264.26999999999998
1478362805.89199996	1270.21000000000004
1478362817.9059999	1264.95000000000005
1478362846.727	1259.75999999999999
1478362867.81299996	1263.17000000000007
1478362868.82999992	1269.28999999999996
1478362868.98600006	1274.05999999999995
1478362871.99799991	1269.03999999999996
1478362892.99499989	1263.76999999999998
1478362934.80200005	1259.20000000000005
1478362941.477	1264.72000000000003
1478362941.98799992	1270.25999999999999
1478362942.41799998	1275.1099999999999
1478362943.49699998	1281.13000000000011
1478362947.079	1276.48000000000002
1478362948.45900011	1270.90000000000009
1478362962.88899994	1265.69000000000005
1478362999.41499996	1261.25999999999999
1478363024.14499998	1256.71000000000004
1478363026.33999991	1260.03999999999996
1478363027.00200009	1265.40000000000009
1478363027.61199999	1269.81999999999994
1478363049.48600006	1264.80999999999995
1478363069.23600006	1260.26999999999998
1478363089.09100008	1263.1400000000001
1478363089.80200005	1266.56999999999994
1478363090.67700005	1272.25
1478363093.6329999	1266.82999999999993
1478363113.70000005	1261.55999999999995
1478363138.13199997	1256.30999999999995
1478363147.97600007	1261.09999999999991
1478363148.33299994	1265.92000000000007
1478363148.89100003	1269.97000000000003
1478363161.83999991	1264.92000000000007
1478363190.08400011	1260.00999999999999
1478363217.49799991	1261.33999999999992
1478363218.26300001	1266.67000000000007
1478363218.47000003	1272.24000000000001
1478363225.48699999	1267.78999999999996
1478363245.43199992	1263.25999999999999
1478363257.38000011	1257.78999999999996
1478363286.60500002	1260.61999999999989
1478363287.37400007	1265.96000000000004
1478363287.58800006	1270.01999999999998
1478363288.55200005	1274.13000000000011
1478363288.81200004	1279
1478363291.42499995	1274.40000000000009
1478363306.26399994	1269.30999999999995
1478363325.09699988	1265.58999999999992
1478363347.09800005	1261.04999999999995
1478363361.773	1256.31999999999994
1478363370.78200006	1262.58999999999992
1478363371.34599996	1267.15000000000009
1478363372.05800009	1270.51999999999998
1478363372.88199997	1278.04999999999995
1478363375.87100005	1273.15000000000009
1478363396.50200009	1268.08999999999992
1478363422.40300012	1262.97000000000003
1478363460.39499998	1259.22000000000003
1478363466.28500009	1258.1099999999999
1478363467.05599999	1267.23000000000002
1478363468.24399996	1273.80999999999995
1478363472.28600001	1269.08999999999992
1478363501.40100002	1264.04999999999995
1478363527.57299995	1259.07999999999993
1478363551.77200007	1264.90000000000009
1478363552.24000001	1269.91000000000008
1478363572.61299992	1265.48000000000002
1478363582.55699992	1259.8900000000001
1478363611.7349999	1260.5
1478363612.1960001	1265.68000000000006
1478363612.91100001	1270.04999999999995
1478363613.95099998	1276.36999999999989
1478363622.91199994	1271.19000000000005
1478363654.03600001	1265.82999999999993
1478363690.07399988	1260.75
1478363718.79200006	1256.40000000000009
1478363727.02600002	1260.8900000000001
1478363727.34200001	1266.15000000000009
1478363728.10599995	1270.1400000000001
1478363729.18199992	1276.22000000000003
1478363738.13700008	1271.42000000000007
1478363752.45700002	1267.22000000000003
1478363782.55299997	1262.49000000000001
1478363798.59699988	1257.8900000000001
1478363817.47600007	1260.99000000000001
1478363817.83500004	1266.81999999999994
1478363818.71799994	1272.29999999999995
1478363822.56200004	1267.33999999999992
1478363846.73900008	1262.88000000000011
1478363872.21300006	1258.86999999999989
1478363892.1170001	1261.59999999999991
1478363892.37299991	1266.06999999999994
1478363892.78699994	1270.28999999999996
1478363893.21000004	1274.36999999999989
1478363903.96399999	1270.33999999999992
1478363924.11199999	1265.22000000000003
1478363958.57299995	1260.51999999999998
1478363993.38599992	1255.17000000000007
1478363998.10599995	1260.61999999999989
1478363998.421	1265.42000000000007
1478363999.44000006	1268.75999999999999
1478364026.22000003	1264.20000000000005
1478364051.13499999	1259.36999999999989
1478364082.02600002	1263.50999999999999
1478364082.73799992	1268.18000000000006
1478364082.89700007	1272.36999999999989
1478364083.93499994	1278.32999999999993
1478364085.66700006	1273.52999999999997
1478364103.46300006	1268.54999999999995
1478364121.0769999	1263.80999999999995
1478364149.21399999	1259.5
1478364168.33599997	1263.18000000000006
1478364169.35599995	1266.76999999999998
1478364169.51399994	1270.05999999999995
1478364170.0769999	1273.75999999999999
1478364200.74099994	1268.68000000000006
1478364240.40799999	1263.3599999999999
1478364268.23300004	1258.46000000000004
1478364301.69499993	1263.33999999999992
1478364302.91499996	1268.24000000000001
1478364303.52999997	1272.23000000000002
1478364323.35299993	1267.6099999999999
1478364340.08800006	1262.54999999999995
1478364367.83100009	1257.27999999999997
1478364375.97399998	1259.16000000000008
1478364376.23200011	1263.98000000000002
1478364376.898	1267.59999999999991
1478364377.0999999	1271.69000000000005
1478364423.93199992	1266.79999999999995
1478364456.51600003	1261.8599999999999
1478364478.14400005	1257.23000000000002
1478364493.57999992	1263.73000000000002
1478364493.83999991	1267.84999999999991
1478364494.60299993	1273.90000000000009
1478364515.47099996	1278.58999999999992
1478364516.39199996	1283.65000000000009
1478364517.80900002	1289.66000000000008
1478364518.23600006	1293.27999999999997
1478364519.42000008	1299.08999999999992
1478364522.6960001	1303.36999999999989
1478364523.56599998	1306.8900000000001
1478364523.82200003	1310.34999999999991
1478364524.9059999	1316.68000000000006
1478364528.65100002	1311.82999999999993
1478364530.49399996	1316.74000000000001
1478364531.06999993	1322.55999999999995
1478364534.704	1317.74000000000001
1478364536.79999995	1312.20000000000005
1478364537.86899996	1306.75
1478364549.421	1311.90000000000009
1478364554.74000001	1317.27999999999997
1478364555.62100005	1323.03999999999996
1478364558.80500007	1318.75
1478364559.93899989	1312.21000000000004
1478364562.40499997	1307.25999999999999
1478364579.66000009	1302.27999999999997
1478364592.65499997	1308.06999999999994
1478364593.4849999	1313.57999999999993
1478364603.04699993	1319.1400000000001
1478364603.977	1323.30999999999995
1478364606.26699996	1317.91000000000008
1478364607.91000009	1312.91000000000008
1478364608.91400003	1308.28999999999996
1478364634.62199998	1303.13000000000011
1478364689.39299989	1297.98000000000002
1478364729.27699995	1292.70000000000005
1478364760.3670001	1288.04999999999995
1478364788.14700007	1282.97000000000003
1478364795.47300005	1286.02999999999997
1478364796.70000005	1289.5
1478364797.76799989	1295.66000000000008
1478364825.65300012	1290.54999999999995
1478364832.71399999	1295.81999999999994
1478364840.70600009	1302.1400000000001
1478364849.9289999	1307.3599999999999
1478364850.95799994	1313.18000000000006
1478364860.90300012	1319.24000000000001
1478364870.02099991	1317.5
1478364870.98799992	1313.20000000000005
1478364872.79099989	1307.90000000000009
1478364877.046	1302.91000000000008
1478364886.1099999	1308.75
1478364888.81999993	1314.16000000000008
1478364893.03699994	1319.32999999999993
1478364896.11100006	1316.3900000000001
1478364897.28600001	1310.75999999999999
1478364899.06299996	1305.46000000000004
1478364912.90499997	1311.06999999999994
1478364917.15700006	1316.97000000000003
1478364939.21300006	1322.28999999999996
1478364941.20900011	1315.55999999999995
1478364942.24699998	1309.24000000000001
1478364961.13100004	1305.31999999999994
1478364997.28900003	1299.61999999999989
1478365035.44700003	1294.86999999999989
1478365047.7249999	1299.97000000000003
1478365058.90700006	1304.91000000000008
1478365060.796	1309.75
1478365066.8829999	1316.67000000000007
1478365074.00999999	1319.5
1478365076.6329999	1316.05999999999995
1478365076.88700008	1312.92000000000007
1478365077.70700002	1308.88000000000011
1478365078.73600006	1303.26999999999998
1478365118.33999991	1309.00999999999999
1478365124.07599998	1313.83999999999992
1478365127.97900009	1319.43000000000006
1478365136.02999997	1316.79999999999995
1478365136.28600001	1313.6099999999999
1478365137.15400004	1306.18000000000006
1478365138.06100011	1300.99000000000001
1478365172.09599996	1305.49000000000001
1478365178.71300006	1310.40000000000009
1478365183.44000006	1315.25999999999999
1478365186.4690001	1320.50999999999999
1478365195.54200006	1316.6400000000001
1478365196.4749999	1311.58999999999992
1478365197.39400005	1304.6400000000001
1478365234.0710001	1299.82999999999993
1478365251.40799999	1294.79999999999995
1478365282.5079999	1290
1478365305.53699994	1285.18000000000006
1478365328.57999992	1280.19000000000005
1478365359.0999999	1274.94000000000005
1478365386.86199999	1270.24000000000001
1478365416.03600001	1265.82999999999993
1478365428.20000005	1262.19000000000005
1478365435.2579999	1267.5
1478365438.28699994	1272.77999999999997
1478365439.05900002	1276.58999999999992
1478365442.10100007	1281.03999999999996
1478365443.21700001	1287.55999999999995
1478365468.17799997	1283.08999999999992
1478365493.3499999	1278.67000000000007
1478365524.94000006	1274.24000000000001
1478365609.83100009	1269.80999999999995
1478365730.17700005	1265.45000000000005
1478365907.05699992	1270.23000000000002
1478366019.17799997	1265.97000000000003
1478366064.63800001	1270.68000000000006
1478366068.9849999	1275.51999999999998
1478366072.15700006	1281.78999999999996
1478366081.65199995	1287.17000000000007
1478366082.97300005	1294.98000000000002
1478366086.88400006	1300.82999999999993
1478366147.04999995	1306.68000000000006
1478366322.51699996	1311.53999999999996
1478366347.81200004	1305.97000000000003
1478366388.81599998	1301.05999999999995
1478366634.17700005	1306.01999999999998
1478366684.37400007	1311.27999999999997
1478366826.70700002	1316.24000000000001
1478366860.96000004	1316.94000000000005
1478366861.98900008	1325.19000000000005
1478366869.85800004	1320.3900000000001
1478366911.85599995	1325.82999999999993
1478366937.4519999	1329.03999999999996
1478366961.54999995	1332.75999999999999
1478366996.64299989	1337.22000000000003
1478366999.32200003	1342.41000000000008
1478367297.75300002	1337.79999999999995
1478367388.8499999	1341.97000000000003
1478367437.34599996	1337.02999999999997
1478367601.9059999	1332.41000000000008
1478367831.83599997	1327.8599999999999
1478367895.94199991	1323.38000000000011
1478367975.40899992	1327.72000000000003
1478368094.85899997	1332.42000000000007
1478368127.85899997	1327.73000000000002
1478368163.00999999	1331.97000000000003
1478368238.273	1336.52999999999997
1478368285.5079999	1333.61999999999989
1478368334.95700002	1339.1400000000001
1478368365.28600001	1333.86999999999989
1478368400.85800004	1338.94000000000005
1478368599.90100002	1342.70000000000005
1478368685.0999999	1338.33999999999992
1478369291.78800011	1341.53999999999996
1478370121.78600001	1337.00999999999999
1478370152.92799997	1341.34999999999991
1478370676.22300005	1345.11999999999989
1478370681.08400011	1340.07999999999993
1478370921.046	1336.32999999999993
1478371302.89299989	1330.93000000000006
1478371306.7349999	1336.20000000000005
1478371519.92600012	1331.59999999999991
1478371617.85899997	1336.22000000000003
1478371726.454	1331.8900000000001
1478371970.44499993	1336
1478372205.42199993	1330.8900000000001
1478372264.66499996	1334.47000000000003
1478372466.45000005	1330.25
1478372519.83400011	1335.09999999999991
1478372849.99600005	1339.30999999999995
1478373434.39499998	1334.40000000000009
1478373462.43099999	1339.6099999999999
1478374263.898	1334.61999999999989
1478374277.96000004	1338.75
1478374416.13400006	1333.95000000000005
1478374445.25600004	1338.57999999999993
1478374533.66700006	1334.3599999999999
1478374663.24399996	1330.01999999999998
1478374682.227	1325.23000000000002
1478374690.0710001	1320.58999999999992
1478374706.67700005	1316.76999999999998
1478374718.51300001	1312.19000000000005
1478374721.59699988	1307.24000000000001
1478374728.72600007	1302.1099999999999
1478374735.53699994	1298.21000000000004
1478374736.51900005	1293.78999999999996
1478374739.29099989	1290.25
1478374740.41100001	1284.1099999999999
1478374754.66799998	1279.93000000000006
1478374798.0710001	1283.27999999999997
1478374842.99900007	1286.75
1478374858.15400004	1292.36999999999989
1478374890.14299989	1297.91000000000008
1478374913.24099994	1304.43000000000006
1478374937.55900002	1308.05999999999995
1478374940.39100003	1312.82999999999993
1478374963.6329999	1317.91000000000008
1478374989.79399991	1322.44000000000005
1478375009.41599989	1327.45000000000005
1478375016.75399995	1332.02999999999997
1478375124.11100006	1327.23000000000002
1478375303.9690001	1322.51999999999998
1478375338.68499994	1327.70000000000005
1478375393.2019999	1323.6099999999999
1478375446.60800004	1328.83999999999992
1478375484.56599998	1323.61999999999989
1478375503.81200004	1328.73000000000002
1478375546.97099996	1323.59999999999991
1478375561.22399998	1328.48000000000002
1478375678.11100006	1324.20000000000005
1478375829.89400005	1328.44000000000005
1478375890.23000002	1323.59999999999991
1478375902.26300001	1328.65000000000009
1478375930.40799999	1323.44000000000005
1478375978.56200004	1326.5
1478376058.85400009	1330.82999999999993
1478376072.0250001	1325.49000000000001
1478376222.6329999	1320.13000000000011
1478376241.58200002	1325.13000000000011
1478376296.12899995	1320.07999999999993
1478376435.37100005	1323.84999999999991
1478376566.09599996	1319.47000000000003
1478376582.12800002	1323.95000000000005
1478376620.33599997	1328.97000000000003
1478376630.30500007	1324.1099999999999
1478377040.02099991	1320.16000000000008
1478377061.96499991	1325.75999999999999
1478377536.25500011	1328.78999999999996
1478377580.16300011	1333.52999999999997
1478377637.13899994	1339.05999999999995
1478377644.47000003	1333.8599999999999
1478377919.29399991	1337.63000000000011
1478377982.89700007	1332.26999999999998
1478378010.71600008	1336.93000000000006
1478378164.58800006	1342.29999999999995
1478378311.80999994	1346.91000000000008
1478378420.52099991	1351.31999999999994
1478378463.50300002	1356.5
1478378576.14499998	1361.00999999999999
1478378628.18300009	1365.34999999999991
1478378717.64100003	1370.27999999999997
1478378800.77699995	1365.3900000000001
1478378802.11800003	1360.72000000000003
1478378803.20099998	1355.32999999999993
1478378804.32299995	1351.19000000000005
1478378805.13899994	1346.84999999999991
1478378807.15100002	1341.09999999999991
1478378809.296	1335.38000000000011
1478378810.375	1329.99000000000001
1478378811.08899999	1326.26999999999998
1478378811.93099999	1320.43000000000006
1478378813.9920001	1314.1099999999999
1478378815.02399993	1310.31999999999994
1478378816.10400009	1303.74000000000001
1478378816.98099995	1298.17000000000007
1478378818.00699997	1294.42000000000007
1478378819.37599993	1288.61999999999989
1478378820.37700009	1283.33999999999992
1478378821.2019999	1277.30999999999995
1478378831.29200006	1282.1099999999999
1478378855.90199995	1287.1099999999999
1478378888.96300006	1282.1099999999999
1478378962.88599992	1276.32999999999993
1478378975.41700006	1280.96000000000004
1478379081.6500001	1285.66000000000008
1478379499.05100012	1280.75999999999999
1478379707.80800009	1276.43000000000006
1478379989.94899988	1271.96000000000004
1478380088.1329999	1268.22000000000003
1478380235.87100005	1263.30999999999995
1478380726.03299999	1260.36999999999989
1478380726.79399991	1257.03999999999996
1478380727.97199988	1251.06999999999994
1478380728.59100008	1245.94000000000005
1478380739.05800009	1241.71000000000004
1478380765.26600003	1236.45000000000005
1478380766.43899989	1231.8900000000001
1478380767.30699992	1225.90000000000009
1478380770.13800001	1221.00999999999999
1478380803.14400005	1217.94000000000005
1478380803.34899998	1214.06999999999994
1478380804.31100011	1209.58999999999992
1478380811.91400003	1204.55999999999995
1478380862.17600012	1199.86999999999989
1478380895.99799991	1195.18000000000006
1478380913.28500009	1189.1400000000001
1478380914.01300001	1182.99000000000001
1478380923.73099995	1178.51999999999998
1478380946.3599999	1171.93000000000006
1478380946.875	1167.27999999999997
1478380947.80800009	1162.66000000000008
1478380978.85800004	1157.97000000000003
1478380979.01600003	1153.96000000000004
1478380979.98699999	1148.09999999999991
1478381008.07599998	1145.68000000000006
1478381009.14299989	1139.04999999999995
1478381010.21799994	1133.18000000000006
1478381011.04399991	1127.57999999999993
1478381049.35800004	1122.66000000000008
1478381050.13400006	1119.24000000000001
1478381051.11100006	1112.8900000000001
1478381051.98000002	1107.54999999999995
1478381087.60800004	1102.58999999999992
1478381092.7809999	1097.81999999999994
1478381093.48699999	1094.50999999999999
1478381093.64400005	1090.99000000000001
1478381094.31999993	1086.8900000000001
1478381126.28399992	1084.15000000000009
1478381127.7579999	1078.69000000000005
1478381128.62800002	1073.25
1478381129.66400003	1067.91000000000008
1478381164.54900002	1064.20000000000005
1478381165.33899999	1057.6099999999999
1478381166.30999994	1051.07999999999993
1478381167.38400006	1045.67000000000007
1478381206.4690001	1041.46000000000004
1478381206.97799993	1037.69000000000005
1478381208.00200009	1031.22000000000003
1478381208.93300009	1024.82999999999993
1478381241.13700008	1020.95000000000005
1478381241.91100001	1014.96000000000004
1478381243.13899994	1008.48000000000002
1478381262.29999995	1003.20000000000005
1478381282.6400001	999.094000000000051
1478381284.12299991	992.849000000000046
1478381284.83899999	986.41700000000003
1478381286.06500006	980.815000000000055
1478381305.06599998	975.947000000000003
1478381333.97799993	971.390999999999963
1478381361.7190001	966.587999999999965
1478381381.5	960.643000000000029
1478381382.47300005	954.831999999999994
1478381383.0999999	948.933999999999969
1478381407.46600008	944.037000000000035
1478381421.84599996	937.719000000000051
1478381422.81699991	931.823999999999955
1478381423.75699997	925.967999999999961
1478381457.15300012	919.58299999999997
1478381457.83500004	915.932000000000016
1478381458.91400003	910.078999999999951
1478381486.72600007	905.183999999999969
1478381509.79900002	900.216000000000008
1478381541.67700005	895.246999999999957
1478381584.09599996	890.104000000000042
1478381633.60500002	885.030999999999949
1478381731.40499997	879.922000000000025
1478381753.63400006	875.197000000000003
1478381823.54399991	870.442999999999984
1478381882.70000005	865.477999999999952
1478381923.84500003	860.533999999999992
1478381977.25500011	854.831000000000017
1478381977.66599989	851.350999999999999
1478381978.1329999	847.741999999999962
1478381979.00200009	841.712999999999965
1478381980.22900009	835.735000000000014
1478382000.03999996	831.940000000000055
1478382000.86400008	828.581000000000017
1478382001.93600011	822.05600000000004
1478382002.60899997	817.046000000000049
1478382003.93000007	811.162000000000035
1478382024.07299995	807.907000000000039
1478382025.0480001	801.313999999999965
1478382026.07500005	794.852999999999952
1478382027.1500001	788.408000000000015
1478382028.2349999	782.990000000000009
1478382051.16300011	778.385999999999967
1478382052.10299993	772.283999999999992
1478382052.91400003	768.772000000000048
1478382053.1170001	765.412000000000035
1478382053.94199991	762.024999999999977
1478382054.148	758.610000000000014
1478382055.37400007	752.495999999999981
1478382072.2579999	747.360000000000014
1478382082.44300008	740.869000000000028
1478382083.56699991	734.557999999999993
1478382084.44300008	728.30600000000004
1478382085.46799994	721.611999999999966
1478382091.16000009	716.705000000000041
1478382105.602	711.849000000000046
1478382117.66400003	707.13900000000001
1478382118.5710001	702.572999999999979
1478382118.88199997	699.159999999999968
1478382119.49300003	695.797000000000025
1478382119.79900002	692.293999999999983
1478382120.72199988	686.288999999999987
1478382131.75699997	681.115000000000009
1478382144.45600009	676.480999999999995
1478382149.26799989	670.171000000000049
1478382150.28299999	663.677000000000021
1478382150.648	659.533999999999992
1478382151.93099999	652.835000000000036
1478382152.89299989	647.106999999999971
1478382161.80500007	642.251999999999953
1478382173.22000003	637.158999999999992
1478382188.82800007	632.418999999999983
1478382208.52600002	627.331999999999994
1478382226.99000001	622.303999999999974
1478382242.74799991	617.289999999999964
1478382260.67000008	612.548999999999978
1478382276.42799997	607.559999999999945
1478382294.40199995	612.94500000000005
1478382298.93400002	617.871999999999957
1478382416.35700011	612.879999999999995
1478382514.96700001	617.284999999999968
1478382516.19899988	622.977999999999952
1478382517.31900001	628.918999999999983
1478382517.87800002	632.990000000000009
1478382518.28900003	636.698999999999955
1478382518.75300002	640.532000000000039
1478382519.3670001	645.769999999999982
1478382519.67799997	649.633000000000038
1478382520.8499999	654.178999999999974
1478382523.82200003	659.263000000000034
1478382525.70000005	665.113000000000056
1478382527.19700003	670.559999999999945
1478382533.84899998	674.960000000000036
1478382535.23200011	679.616999999999962
1478382578.16199994	684.572000000000003
1478382609.96799994	689.552999999999997
1478382635.83200002	694.594000000000051
1478382722.52699995	689.600999999999999
1478382739.00900006	684.52800000000002
1478382755.61599994	679.567999999999984
1478382780.79999995	674.653999999999996
1478382832.6730001	679.576999999999998
1478382836.02399993	684.326000000000022
1478382840.79200006	689.553999999999974
1478382844.64199996	695.76400000000001
1478382845.77999997	701.504000000000019
1478382846.6500001	707.644999999999982
1478382847.63000011	713.442999999999984
1478382848.65199995	719.76400000000001
1478382849.98900008	725.592999999999961
1478382857.42400002	730.609000000000037
1478382865.76900005	735.336000000000013
1478382866.6329999	740.731999999999971
1478382867.75200009	746.602999999999952
1478382868.72199988	752.369000000000028
1478382880.95700002	756.703999999999951
1478382881.83400011	761.644999999999982
1478382882.70700002	767.009999999999991
1478382883.62700009	772.537000000000035
1478382884.91599989	778.23599999999999
1478382896.39700007	782.686000000000035
1478382897.63000011	788.615999999999985
1478382898.40100002	793.174999999999955
1478382899.28200006	798.27800000000002
1478382900.7579999	803.975000000000023
1478382913.4690001	809.518000000000029
1478382914.69300008	814.595000000000027
1478382915.67600012	819.946000000000026
1478382916.60100007	824.855999999999995
1478382917.72000003	830.254000000000019
1478382919.47799993	835.428999999999974
1478382932.53900003	839.413999999999987
1478382933.66300011	844.259999999999991
1478382934.48200011	849.77800000000002
1478382935.35100007	855.618000000000052
1478382937.80299997	860.649000000000001
1478382948.65199995	865.855999999999995
1478382949.58200002	871.577999999999975
1478382950.55500007	877.171000000000049
1478382951.77900004	882.648000000000025
1478382953.84500003	887.722999999999956
1478382963.92499995	892.928999999999974
1478382967.21099997	896.052000000000021
1478382968.11599994	902.27800000000002
1478382969.19300008	907.525999999999954
1478382970.36800003	913.177999999999997
1478382972.92799997	918.01400000000001
1478382979.75200009	922.918000000000006
1478382989.7349999	927.769000000000005
1478382992.75999999	931.989000000000033
1478382995.93300009	936.830000000000041
1478382996.704	942.187000000000012
1478383002.2980001	947.029999999999973
1478383006.28999996	952.186000000000035
1478383010.24399996	958.215000000000032
1478383017.85599995	963.226999999999975
1478383030.90300012	968.274000000000001
1478383045.22600007	963.273000000000025
1478383046.24600005	957.836000000000013
1478383047.97799993	951.981999999999971
1478383048.93600011	946.471000000000004
1478383104.71000004	941.486999999999966
1478383163.99300003	936.562999999999988
1478383191.23699999	941.493000000000052
1478383352.93899989	936.496999999999957
1478383366.66100001	941.354000000000042
1478383440.93700004	946.328999999999951
1478383442.32500005	950.981999999999971
1478383443.33100009	955.518000000000029
1478383444.1099999	958.317000000000007
1478383444.56900001	962.875999999999976
1478383445.59200001	968.631999999999948
1478383447.68899989	973.216999999999985
1478383451.95799994	977.075000000000045
1478383453.79500008	981.822000000000003
1478383454.81299996	986.424999999999955
1478383455.9920001	990.953999999999951
1478383457.72300005	996.813999999999965
1478383459.24600005	1002.55999999999995
1478383530.15400004	1007.50999999999999
1478383573.90799999	1012.38
1478383676.26699996	1007.64999999999998
1478383721.68000007	1013.10000000000002
1478383763.71000004	1017.29999999999995
1478383775.08599997	1021.19000000000005
1478383777.23799992	1026.26999999999998
1478383782.25099993	1031.76999999999998
1478383793.10100007	1036.30999999999995
1478383808.7349999	1042.3599999999999
1478383818.21000004	1048.61999999999989
1478383826.00399995	1052.67000000000007
1478383832.59200001	1057.63000000000011
1478383841.16100001	1061.81999999999994
1478383842.13199997	1066.88000000000011
1478383847.80100012	1070.83999999999992
1478383859.94799995	1075.45000000000005
1478383862.66499996	1080.45000000000005
1478383871.06100011	1085.76999999999998
1478383879.18700004	1089.76999999999998
1478383880.63899994	1095.20000000000005
1478383889.03600001	1099.90000000000009
1478383903.57299995	1104.61999999999989
1478383904.39599991	1109.98000000000002
1478383910.93199992	1115.30999999999995
1478383918.88400006	1119.41000000000008
1478383920.00699997	1124.65000000000009
1478383929.84299994	1129.58999999999992
1478383939.31500006	1134.32999999999993
1478383940.29999995	1139.93000000000006
1478383945.98099995	1144.55999999999995
1478383946.34699988	1148.13000000000011
1478383948.12700009	1153.44000000000005
1478383956.62800002	1160.07999999999993
1478383968.04500008	1164.47000000000003
1478383969.375	1169.52999999999997
1478383994.07500005	1175.27999999999997
1478384007.39299989	1180.11999999999989
1478384037.39700007	1185.02999999999997
1478384082.51099992	1189.95000000000005
1478384347.97900009	1194.79999999999995
1478384436.36299992	1189.8900000000001
1478384601.98799992	1193.88000000000011
1478384602.91100001	1199.73000000000002
1478384603.84200001	1205.82999999999993
1478384604.76200008	1212
1478384623.83200002	1216.91000000000008
1478384624.7579999	1222.31999999999994
1478384625.83299994	1227.95000000000005
1478384627.0079999	1234.25
1478384627.77699995	1239.58999999999992
1478384646.64599991	1244.99000000000001
1478384647.46399999	1251.27999999999997
1478384648.33999991	1257.46000000000004
1478384649.49000001	1263.43000000000006
1478384671.46000004	1267.75
1478384672.68600011	1273.20000000000005
1478384673.39100003	1276.72000000000003
1478384673.88400006	1282.69000000000005
1478384682.85100007	1287.6400000000001
1478384693.20000005	1293.68000000000006
1478384693.91599989	1297.8900000000001
1478384694.99600005	1302.90000000000009
1478384695.98000002	1308.06999999999994
1478384712.63899994	1312.45000000000005
1478384716.1559999	1318.82999999999993
1478384717.23200011	1325.1400000000001
1478384718.31100011	1331.57999999999993
1478384736.48900008	1337.22000000000003
1478384737.56999993	1342.63000000000011
1478384737.92600012	1346.49000000000001
1478384739.11100006	1351.8599999999999
1478384740.3829999	1356.91000000000008
1478384760.20300007	1361.45000000000005
1478384761.227	1365.57999999999993
1478384762.15700006	1371.02999999999997
1478384763.63700008	1376.3599999999999
1478384764.70099998	1382.18000000000006
1478384782.60299993	1387.6099999999999
1478384783.77999997	1392.74000000000001
1478384784.8039999	1397.52999999999997
1478384786.08400011	1402.16000000000008
1478384794.05800009	1407.20000000000005
1478384821.0079999	1412.17000000000007
1478384837.06900001	1416.66000000000008
1478384850.00300002	1421.56999999999994
1478384865.00600004	1426.31999999999994
1478384883.42199993	1431.17000000000007
1478384910.25200009	1435.65000000000009
1478384955.47900009	1440.1099999999999
1478385037.78600001	1445.18000000000006
1478385085.56699991	1449.57999999999993
1478385129.78200006	1453.8599999999999
1478385184.53600001	1458.28999999999996
1478385223.37100005	1463.08999999999992
1478385227.50699997	1457.97000000000003
1478385228.73399997	1452.56999999999994
1478385251.08500004	1457.44000000000005
1478385289.35500002	1462.18000000000006
1478385325.66400003	1467.94000000000005
1478385328.50300002	1472.8900000000001
1478385343.23200011	1477.3599999999999
1478385349.83800006	1482.51999999999998
1478385357.53299999	1487.21000000000004
1478385362.4460001	1491.09999999999991
1478385395.23300004	1495.56999999999994
1478385435.39899993	1500.38000000000011
1478385466.25399995	1505.50999999999999
1478385503.10700011	1510.77999999999997
1478385539.102	1515.51999999999998
1478385591.45600009	1520.38000000000011
1478385646.86400008	1525.32999999999993
1478385687.02699995	1530.24000000000001
1478385734.56500006	1535.3599999999999
1478385763.52600002	1539.93000000000006
1478385791.3499999	1544.6099999999999
1478385839.03900003	1549.1099999999999
1478385905.18899989	1553.93000000000006
1478385941.7750001	1558.91000000000008
1478385978.87700009	1563.48000000000002
1478386022.05100012	1568.18000000000006
1478386049.28600001	1573.1099999999999
1478386076.92000008	1578.24000000000001
1478386120.8039999	1583.65000000000009
1478386174.09500003	1588.51999999999998
1478386240.42700005	1593.51999999999998
1478386278.56800008	1597.95000000000005
1478386310.83100009	1602.81999999999994
1478386342.46399999	1607.84999999999991
1478386392.73600006	1612.82999999999993
1478386471.18000007	1617.56999999999994
1478386509.39199996	1622.08999999999992
1478386555.61199999	1626.76999999999998
1478386604.11800003	1631.23000000000002
1478386640.79200006	1636.30999999999995
1478386716.97799993	1641.46000000000004
1478386773.22399998	1646.36999999999989
1478386814.87899995	1651.1099999999999
1478386861.93600011	1655.49000000000001
1478386891.75399995	1660.34999999999991
1478386938.97399998	1665.03999999999996
1478386974.43799996	1669.74000000000001
1478387005.60899997	1674.36999999999989
1478387070.67799997	1679.21000000000004
1478387080.24499989	1673.90000000000009
1478387109.852	1678.74000000000001
1478387149.5250001	1675.02999999999997
1478387150.45300007	1669.46000000000004
1478387151.42700005	1663.48000000000002
1478387152.4059999	1658.77999999999997
1478387153.31599998	1655.26999999999998
1478387153.47799993	1651.55999999999995
1478387154.602	1645.16000000000008
1478387155.57200003	1641.18000000000006
1478387156.13899994	1637.21000000000004
1478387156.34299994	1633.25
1478387157.55999994	1628.8900000000001
1478387158.4690001	1626.25
1478387159.44199991	1618.63000000000011
1478387160.26600003	1613.19000000000005
1478387160.52099991	1609.54999999999995
1478387161.28699994	1605.19000000000005
1478387162.41100001	1598.73000000000002
1478387163.28200006	1593.38000000000011
1478387164.30900002	1586.94000000000005
1478387165.23600006	1581.94000000000005
1478387182.41899991	1586.68000000000006
1478387265.20300007	1581.74000000000001
1478387368.671	1586.6099999999999
1478387398.18799996	1591.22000000000003
1478387434.03299999	1596.3900000000001
1478387484.65499997	1601.04999999999995
1478387569.602	1606.32999999999993
1478387664.90400004	1610.92000000000007
1478387764.28500009	1609.27999999999997
1478387930.60599995	1604.84999999999991
1478387993.57599998	1600.74000000000001
1478388077.11999989	1597.22000000000003
1478388124.95300007	1592.3599999999999
1478388191.55699992	1588.20000000000005
1478388217.08699989	1584.24000000000001
1478388264.56599998	1579.52999999999997
1478388317.89599991	1574.52999999999997
1478388379.06100011	1569.63000000000011
1478388621.7750001	1574.58999999999992
1478388690.00399995	1579.46000000000004
1478388742.37299991	1584.51999999999998
1478388786.32599998	1589.84999999999991
1478388860.78800011	1594.8599999999999
1478388894.14400005	1599.54999999999995
1478388946.46600008	1596.77999999999997
1478389045.44899988	1601.82999999999993
1478389082.01699996	1606.54999999999995
1478389115.18000007	1600.61999999999989
1478389151.20000005	1605.77999999999997
1478389166.34299994	1599
1478389200.5940001	1593.70000000000005
1478389230.29099989	1598.24000000000001
1478389266.64499998	1592.48000000000002
1478389310.88000011	1597.3900000000001
1478389358.20499992	1601.5
1478389400.31800008	1606.54999999999995
1478389414.21099997	1602.36999999999989
1478389455.4920001	1606.98000000000002
1478389491.43199992	1611.6099999999999
1478389529.07800007	1606.22000000000003
1478389536	1600.41000000000008
1478389574.06399989	1604.8599999999999
1478389608.1559999	1609.36999999999989
1478389654.91100001	1614.27999999999997
1478389784.94099998	1611.56999999999994
1478389832.94899988	1616.41000000000008
1478389845.07999992	1611.82999999999993
1478389883.01900005	1616.40000000000009
1478389892.29500008	1608.82999999999993
1478390119.2809999	1605.71000000000004
1478390120.24799991	1586.03999999999996
1478390156.95300007	1583.18000000000006
1478390157.36299992	1576.86999999999989
1478390193.27099991	1575.01999999999998
1478390193.32299995	1558.04999999999995
1478390257.421	1554.18000000000006
1478390337.04099989	1549.04999999999995
1478390338.05900002	1533.24000000000001
1478390351.24600005	1525.36999999999989
1478390387.30699992	1523.13000000000011
1478390387.66000009	1510.79999999999995
1478390391.25300002	1514.91000000000008
1478390399.40899992	1516.30999999999995
