1478292034.81599998	3188.90999999999985
1478292245.43300009	3179.76999999999998
1478292245.58999991	3175.4699999999998
1478292292.8210001	3167.92999999999984
1478292308.12299991	3177.48999999999978
1478292396.06299996	3169.09000000000015
1478292405.43099999	3159.78999999999996
1478292466.37700009	3165.80000000000018
1478292482.48900008	3168.2800000000002
1478292501.71700001	3178.65999999999985
1478292530.02800012	3178.15999999999985
1478292530.02800012	3178.15999999999985
1478292897.16700006	3159.61000000000013
1478292992.63700008	3133.05000000000018
1478292992.79200006	3133.19999999999982
1478293019.66499996	3122.40000000000009
1478293053.71099997	3122.11000000000013
1478293555.81299996	3140.19000000000005
1478293556.01699996	3141.42000000000007
1478293572.13199997	3159.23000000000002
1478293573.05800009	3155.15000000000009
1478293669.48900008	3171.11999999999989
1478293859.83400011	3179.5
1478293866.0769999	3178.32999999999993
1478293866.94899988	3191.86999999999989
1478293881.0480001	3193.92000000000007
1478294745.39899993	3172.55000000000018
1478294745.4519999	3171.38999999999987
1478294787.7980001	3160.90999999999985
1478294797.09699988	3170.59999999999991
1478294826.03999996	3171.61000000000013
1478294855.00200009	3155.7199999999998
1478294856.33299994	3147.59999999999991
1478294860.86400008	3125.78999999999996
1478294860.92000008	3127.36999999999989
1478294880.13800001	3091.36000000000013
1478294880.39400005	3090.42999999999984
1478294892.329	3070.65000000000009
1478294893.14499998	3071.7199999999998
1478294916.22000003	3059.40999999999985
1478294940.37199998	3066.73000000000002
1478294962.26999998	3074.59000000000015
1478294989.77900004	3085.5300000000002
1478294989.94000006	3086.53999999999996
1478295143.11500001	3144.59000000000015
1478295144.0769999	3143.75
1478295149.04099989	3161.36999999999989
1478295158.34899998	3160.11999999999989
1478295288.57599998	3141.51000000000022
1478295288.78600001	3141.07999999999993
1478295410.0710001	3121.92999999999984
1478295550.76200008	3129.59999999999991
1478295904.20700002	3122.05999999999995
1478295916.33200002	3112.44000000000005
1478295929.11299992	3102.65000000000009
1478295929.20700002	3101.36000000000013
1478295999.55900002	3085.53999999999996
1478295999.66100001	3084.82999999999993
1478296105.20799994	3062.53999999999996
1478296121.01799989	3059.2199999999998
1478296121.01799989	3059.2199999999998
1478296129.102	3046.84000000000015
1478296140.98900008	3009.94999999999982
1478296149.19300008	3011.48000000000002
1478296184.42199993	2997.17000000000007
1478296220.76900005	3009.46000000000004
1478296221.63400006	3012.13000000000011
1478296323.82800007	3036.23999999999978
1478296323.98600006	3037.01999999999998
1478296368.17000008	3062.90000000000009
1478296399.20900011	3065.67999999999984
1478296399.20900011	3065.67999999999984
1478296672.29299998	3078.76999999999998
1478296769.83599997	3100.82000000000016
1478296770.60500002	3099.13999999999987
1478296813.99099994	3081.4699999999998
1478296814.148	3077.88000000000011
1478296921.05200005	3075.88000000000011
1478296982.48699999	3089.36999999999989
1478297024.73600006	3098.15999999999985
1478297093.53800011	3104.5
1478297094.3499999	3110.21000000000004
1478297109.25200009	3125.2800000000002
1478297157.52399993	3131.17999999999984
1478297264.86599994	3133.92000000000007
1478297266.03299999	3145.80999999999995
1478297336.01399994	3163.94999999999982
1478297465.48799992	3173.59000000000015
1478297571.85899997	3180.98999999999978
1478298552.74000001	3192.84000000000015
1478298553.10100007	3195.48000000000002
1478298961.54699993	3214.90999999999985
1478298985.33400011	3214.53999999999996
1478298985.33400011	3214.53999999999996
1478299032.27600002	3207.55000000000018
1478299079.23799992	3215.17999999999984
1478299104.02099991	3226.69999999999982
1478299104.38000011	3230.73999999999978
1478299107.35599995	3210.36000000000013
1478299121.01399994	3213.7199999999998
1478299202.31500006	3194.75
1478299317.19000006	3195.7800000000002
1478299427.35400009	3172.2800000000002
1478299427.80999994	3165.78999999999996
1478299432.68799996	3155.30999999999995
1478299433.49600005	3153.09000000000015
1478299447.51600003	3121.78999999999996
1478299458.66599989	3124.44999999999982
1478299518.49699998	3141.01999999999998
1478299518.85100007	3142.78999999999996
1478299682.84500003	3185.30999999999995
1478299683.56299996	3183.13000000000011
1478299688.85299993	3199.23000000000002
1478299689.72300005	3196.63000000000011
1478299698.69000006	3224.09000000000015
1478299698.89400005	3222.5
1478299706.75300002	3212.01999999999998
1478299732.45499992	3205.76999999999998
1478299765.62899995	3194.59000000000015
1478299766.602	3193.26000000000022
1478299922.43199992	3180.90000000000009
1478300189.25600004	3181.67999999999984
1478300189.83200002	3170.30000000000018
1478300217.13800001	3154.86000000000013
1478300218.74099994	3145.03999999999996
1478300253.68400002	3143.28999999999996
1478300253.68400002	3143.28999999999996
1478300441.74799991	3126.88999999999987
1478300448.90499997	3099.23999999999978
1478300453.85700011	3107.07999999999993
1478300512.21799994	3102
1478300512.88700008	3098.84000000000015
1478300639.5079999	3118.2800000000002
1478300639.66100001	3118.44000000000005
1478300704.90199995	3147.2800000000002
1478300705.16199994	3144.23000000000002
1478300710.33999991	3161.65000000000009
1478300711.00999999	3161.86000000000013
1478300723.71099997	3196.40000000000009
1478300728.73699999	3208.63000000000011
1478300735.34200001	3204.09999999999991
1478300777.76799989	3189.75
1478300777.96799994	3188.42999999999984
1478300834.98000002	3154.32000000000016
1478300835.3440001	3156.55000000000018
1478300879.82999992	3135.0300000000002
1478300880.44499993	3134.88999999999987
1478300906.55699992	3120.42000000000007
1478300975.43400002	3125.11999999999989
1478301126.13700008	3118.7199999999998
1478301154.8440001	3112.82999999999993
1478301236.44300008	3119.19999999999982
1478301236.75600004	3121.42999999999984
1478301416.40300012	3133.05999999999995
1478301417.11400008	3134.61999999999989
1478301574.78800011	3155.61000000000013
1478301575.51300001	3154.44000000000005
1478301597.96300006	3168.55999999999995
1478301598.12100005	3167.09999999999991
1478301626.67400002	3188.51000000000022
1478301697.00500011	3185.82000000000016
1478305466.5940001	3191.42999999999984
1478313833.87199998	3199.51999999999998
1478322022.82800007	3204.34000000000015
1478354870.56800008	3198.59999999999991
1478354871.0309999	3199.67999999999984
1478358308.5150001	3211.80999999999995
1478358309.16599989	3211.17999999999984
1478358523.43700004	3233.09999999999991
1478358768.625	3240.55999999999995
1478358791.97799993	3233.59999999999991
1478358792.43099999	3229.80999999999995
1478358819.26099992	3220.98000000000002
1478358819.67700005	3218.40999999999985
1478358838.45700002	3195.73999999999978
1478358857.75600004	3199.86999999999989
1478358857.75600004	3199.86999999999989
1478361460.27399993	3167.59999999999991
1478361461.39400005	2770.40000000000009
1478361461.94700003	2253.76999999999998
1478361462.35899997	1811.88000000000011
1478361462.87299991	1693.07999999999993
1478361463.38899994	1665.69000000000005
1478361464.36400008	1805.46000000000004
1478361464.96000004	1825.53999999999996
1478361465.43199992	1843.16000000000008
1478361466.0940001	1856.76999999999998
1478361468.50900006	1876.13000000000011
1478361469.3269999	1869.47000000000003
1478361471.2809999	1850.8900000000001
1478361471.48699999	1842.17000000000007
1478361487.15400004	1620.67000000000007
1478361488.27699995	1606.44000000000005
1478361489.20000005	1589.01999999999998
1478361489.40899992	1581.94000000000005
1478361511.55599999	1267.58999999999992
1478361512.32200003	1264.56999999999994
1478361514.73000002	1251.68000000000006
1478361524.58400011	1254.47000000000003
1478361543.18199992	1255.31999999999994
1478361550.86999989	1260.43000000000006
1478361552.39199996	1265.72000000000003
1478361584.70099998	1259.93000000000006
1478361601.03699994	1269.41000000000008
1478361605.96300006	1263.75
1478361614.88700008	1267.48000000000002
1478361615.56399989	1274.97000000000003
1478361618.54399991	1269.90000000000009
1478361653.0940001	1265.40000000000009
1478361695.0999999	1265.84999999999991
1478361747.85299993	1259.08999999999992
1478361762.27800012	1266.56999999999994
1478362047.55500007	1275.28999999999996
1478362110.87700009	1264.61999999999989
1478362580.07200003	1255.19000000000005
1478362580.68499994	1254.50999999999999
1478362583.60100007	1277.67000000000007
1478362587.67000008	1274.27999999999997
1478362625.91799998	1259.43000000000006
1478362626.77699995	1258.32999999999993
1478362639.89599991	1278.51999999999998
1478362653.00900006	1270.18000000000006
1478362716.3440001	1259.23000000000002
1478362716.8599999	1258.36999999999989
1478362746.11100006	1279.09999999999991
1478362746.523	1281.61999999999989
1478362764.95900011	1267.42000000000007
1478362868.82999992	1269.28999999999996
1478362941.477	1264.72000000000003
1478362941.98799992	1270.25999999999999
1478362943.38899994	1278.8599999999999
1478362948.45900011	1270.90000000000009
1478362999.77099991	1259.98000000000002
1478363000.38700008	1258.97000000000003
1478363028.58200002	1273.17000000000007
1478363028.88899994	1272.06999999999994
1478363087.76600003	1255.28999999999996
1478363088.12599993	1255.68000000000006
1478363149.25	1274.33999999999992
1478363150.11299992	1273.49000000000001
1478363191.38100004	1257.65000000000009
1478363191.93499994	1258.5
1478363219.45099998	1273.8599999999999
1478363220.22399998	1272.92000000000007
1478363258.19899988	1258.45000000000005
1478363258.45300007	1259.28999999999996
1478363289.625	1281.52999999999997
1478363289.829	1280.49000000000001
1478363312.19700003	1267.47000000000003
1478363312.66899991	1267.15000000000009
1478363373.08599997	1279.45000000000005
1478363373.92000008	1277.71000000000004
1478363460.08299994	1258.61999999999989
1478363467.05599999	1267.23000000000002
1478363552.24000001	1269.91000000000008
1478363612.1960001	1265.68000000000006
1478363612.91100001	1270.04999999999995
1478363643.50900006	1267.11999999999989
1478363727.34200001	1266.15000000000009
1478363728.10599995	1270.1400000000001
1478363742.48699999	1269.3900000000001
1478363818.55999994	1269.53999999999996
1478363819.74499989	1272.8900000000001
1478363892.37299991	1266.06999999999994
1478363892.78699994	1270.28999999999996
1478363909.0769999	1267.93000000000006
1478363999.44000006	1268.75999999999999
1478364009.12299991	1268.47000000000003
1478364082.73799992	1268.18000000000006
1478364083.7750001	1275.92000000000007
1478364086.73799992	1271.30999999999995
1478364162.13000011	1257.04999999999995
1478364162.38199997	1256.02999999999997
1478364170.76999998	1277.26999999999998
1478364187.08999991	1269.8599999999999
1478364275.84800005	1258.22000000000003
1478364276.56399989	1257.00999999999999
1478364304.87100005	1275.25999999999999
1478364305.63100004	1274.54999999999995
1478364341.21799994	1262.18000000000006
1478364341.83999991	1261.93000000000006
1478364378.09100008	1275.20000000000005
1478364378.60100007	1274.91000000000008
1478364458.19799995	1260.33999999999992
1478364459.42700005	1260.24000000000001
1478364497.38800001	1273.83999999999992
1478364497.54399991	1273.1099999999999
1478364518.84800005	1296.68000000000006
1478364519.42000008	1299.08999999999992
1478364548.65400004	1308.8900000000001
1478364561.82399988	1307.8900000000001
1478364616.03999996	1306.24000000000001
1478364655.82299995	1302.52999999999997
1478364765.73200011	1287.01999999999998
1478364766.65100002	1286.6400000000001
1478364840.90799999	1305.51999999999998
1478364873.82800007	1305.28999999999996
1478364899.26999998	1304.43000000000006
1478364917.00200009	1313.41000000000008
1478364933.84100008	1319.83999999999992
1478365065.70499992	1311.29999999999995
1478365069.86899996	1320.13000000000011
1478365073.75300002	1319.93000000000006
1478365078.88899994	1303.1400000000001
1478365104.82999992	1301.16000000000008
1478365133.05800009	1321.25
1478365133.98099995	1324.02999999999997
1478365138.06100011	1300.99000000000001
1478365149.88199997	1302.51999999999998
1478365186.31500006	1319.59999999999991
1478365186.4690001	1320.50999999999999
1478365198.27399993	1302.53999999999996
1478365238.30999994	1301.75999999999999
1478365314.70300007	1283.61999999999989
1478365440.24699998	1279.88000000000011
1478365725.37400007	1265.82999999999993
1478365726.296	1265.27999999999997
1478366069.85700011	1276.45000000000005
1478366070.05800009	1276.96000000000004
1478366084.88800001	1297.67000000000007
1478366107.48000002	1300.11999999999989
1478366574.69199991	1298.47000000000003
1478366911.85599995	1325.82999999999993
1478366912.07200003	1328.25999999999999
1478367016.55599999	1345.02999999999997
1478367213.352	1340.95000000000005
1478367848.87199998	1325.99000000000001
1478367849.079	1325.16000000000008
1478368239.24900007	1336.75
1478369822.58699989	1338.3599999999999
1478370921.046	1336.32999999999993
1478372850.92199993	1339.8900000000001
1478374703.56200004	1318.45000000000005
1478374704.68600011	1315.06999999999994
1478374727.74699998	1305.75999999999999
1478374728.56999993	1303.27999999999997
1478374768.70600009	1283.3599999999999
1478374830.86800003	1282.70000000000005
1478374913.04200006	1300.71000000000004
1478374913.24099994	1304.43000000000006
1478375018.5480001	1333.26999999999998
1478375089.0150001	1329.1099999999999
1478375507.59800005	1331.78999999999996
1478378256.398	1342.51999999999998
1478378256.9059999	1343.63000000000011
1478378463.50300002	1356.5
1478378804.32299995	1351.19000000000005
1478378808.3210001	1337.88000000000011
1478378809.04099989	1336.81999999999994
1478378811.93099999	1320.43000000000006
1478378812.02800012	1319.05999999999995
1478378826.12400007	1279.8599999999999
1478378835.33999991	1282.94000000000005
1478379538.704	1280.5
1478379999.04900002	1271.15000000000009
1478380014.02900004	1273.52999999999997
1478380727.97199988	1251.06999999999994
1478380729.8599999	1242.25
1478380766.43899989	1231.8900000000001
1478380767.102	1228.8599999999999
1478380802.32200003	1221.97000000000003
1478380803.14400005	1217.94000000000005
1478380865.5940001	1202.58999999999992
1478380866.16000009	1202.24000000000001
1478380947.80800009	1162.66000000000008
1478380948.4749999	1161.75999999999999
1478381011.773	1127.46000000000004
1478381012.68300009	1127.31999999999994
1478381167.38400006	1045.67000000000007
1478381167.94400001	1046.03999999999996
1478381286.06500006	980.815000000000055
1478381286.47199988	978.013000000000034
1478381348.42499995	968.307000000000016
1478381348.63199997	967.73599999999999
1478381423.29299998	928.947999999999979
1478381423.75699997	925.967999999999961
1478381524.9230001	899.620999999999981
1478381525.52800012	899.216000000000008
1478381673.50399995	885.495999999999981
1478381674.07200003	884.826999999999998
1478381980.53999996	834.313999999999965
1478381981.24799991	834.558999999999969
1478382004.23900008	809.486999999999966
1478382004.67000008	809.884000000000015
1478382029.04500008	782.875999999999976
1478382030.28500009	783.140999999999963
1478382056.54399991	751.998000000000047
1478382057.93199992	751.778999999999996
1478382086.39599991	718.251999999999953
1478382087.11500001	718.02800000000002
1478382151.93099999	652.835000000000036
1478382152.39100003	649.153999999999996
1478382192.81599998	631.267000000000053
1478382193.43099999	630.967999999999961
1478382306.11400008	619.260999999999967
1478382307.39400005	619.115999999999985
1478382517.87800002	632.990000000000009
1478382518.28900003	636.698999999999955
1478382522.84899998	658.024999999999977
1478382523.0079999	658.331000000000017
1478382538.33800006	683.220000000000027
1478382562.90700006	684.08299999999997
1478382743.83500004	682.972999999999956
1478382831.79900002	678.073999999999955
1478382845.77999997	701.504000000000019
1478382846.18499994	704.783000000000015
1478382862.75099993	731.514999999999986
1478382863.31100011	731.623000000000047
1478382897.63000011	788.615999999999985
1478382907.93199992	808.124000000000024
1478382914.89700007	817.368000000000052
1478382915.67600012	819.946000000000026
1478382932.53900003	839.413999999999987
1478382933.05500007	841.980000000000018
1478382991.42400002	928.815000000000055
1478382992.25200009	929.517000000000053
1478383028.70600009	967.447000000000003
1478383029.17000008	967.639999999999986
1478383046.54900002	955.868000000000052
1478383047.47099996	954.775999999999954
1478383085.79900002	943.45799999999997
1478383345.65100002	937.246999999999957
1478383444.56900001	962.875999999999976
1478383445.08299994	966.822000000000003
1478383453.79500008	981.822000000000003
1478383454.05200005	984.450000000000045
1478383468.1559999	1000.22000000000003
1478383513.61500001	1005.47000000000003
1478383763.71000004	1017.29999999999995
1478383764.3210001	1020.70000000000005
1478383783.37700009	1032.80999999999995
1478383784.352	1033.09999999999991
1478383957.45499992	1161.75999999999999
1478383958.7349999	1161.44000000000005
1478384018.26699996	1182.27999999999997
1478384183.87400007	1190.98000000000002
1478384602.91100001	1199.73000000000002
1478384603.2750001	1203.01999999999998
1478384605.42400002	1215.04999999999995
1478384616.61199999	1216.43000000000006
1478384626.34699988	1230.96000000000004
1478384627.0079999	1234.25
1478384650.05100012	1264.32999999999993
1478384650.91700006	1263.97000000000003
1478384811.18099999	1409.6099999999999
1478384811.73699999	1409.38000000000011
1478384852.04999995	1421.91000000000008
1478384852.20900011	1422.25
1478385106.08100009	1451.8599999999999
1478385213.73600006	1460.77999999999997
1478385214.39199996	1461.92000000000007
1478385344.72900009	1480.86999999999989
1478385345.19499993	1480.40000000000009
1478385716.08899999	1533.05999999999995
1478385719.91899991	1532.45000000000005
1478385890.4920001	1552.38000000000011
1478385890.76999998	1553.45000000000005
1478387150.45300007	1669.46000000000004
1478387151.22000003	1666.32999999999993
1478387155.31800008	1643.34999999999991
1478387155.57200003	1641.18000000000006
1478387169.6400001	1583.8900000000001
1478387176.9230001	1584.41000000000008
1478387525.04999995	1603.06999999999994
1478387935.2650001	1604.6400000000001
1478388227.51799989	1582.94000000000005
1478388575.52900004	1572.94000000000005
1478388729.47199988	1582.96000000000004
1478388834.83200002	1591.38000000000011
1478388918.10599995	1602.22000000000003
1478389004.3440001	1598.02999999999997
1478389358.20499992	1601.5
1478389359.08599997	1602.67000000000007
1478389497.273	1612.49000000000001
1478390004.5539999	1607.43000000000006
1478390004.5539999	1607.43000000000006
1478390120.92000008	1586.34999999999991
1478390195.27399993	1557.55999999999995
1478390324.9519999	1550.6400000000001
