1478292034.81599998	3188.90999999999985
1478292244.45900011	3185.11868592579867
1478292246.51099992	3174.13723231693712
1478292273.66100001	3178.9856004902299
1478292277.12899995	3169.87603315418619
1478292292.8210001	3172.34722260758099
1478292294.97099996	3156.82139164195951
1478292303.86400008	3166.9792314869328
1478292305.66400003	3153.21590282004172
1478292309.15300012	3182.24666636253187
1478292331.94300008	3170.64957751662678
1478292357.079	3179.68804968184349
1478292373.7249999	3170.06347541004516
1478292396.06299996	3173.52908455954639
1478292401.03600001	3164.93048002460318
1478292405.27800012	3166.80240194892804
1478292409.19499993	3159.56129311461746
1478292453.17400002	3156.51688646233288
1478292455.42199993	3169.3470045866743
1478292469.65499997	3161.37659873650227
1478292473.34500003	3174.14269923910388
1478292494.56599998	3171.96893358111811
1478292498.55699992	3185.62225062775178
1478292501.71700001	3178.10164631348243
1478292506.64400005	3189.56880943959868
1478292513.90700006	3185.70155917729107
1478292526.87299991	3193.34178869928201
1478292530.02800012	3173.65078586129994
1478292755.50300002	3183.85600919956778
1478292896.2420001	3173.47467697534739
1478292897.16700006	3159.61000000000013
1478292904.54999995	3163.02519383115532
1478292907.31200004	3145.68064299625075
1478292914.08500004	3155.67192310085829
1478292918.0769999	3146.30962626070095
1478292934.19000006	3154.82233220224862
1478292951.52600002	3143.86412703123324
1478292965.26099992	3153.39479071693358
1478292990.59299994	3143.73736986488166
1478292994.83200002	3131.88123885393679
1478293018.63100004	3134.58187228553561
1478293021.91300011	3109.66562293152356
1478293027.75200009	3122.07831917982458
1478293036.66400003	3114.53121012713564
1478293054.87700009	3126.45663254749525
1478293058.90799999	3117.13271695794901
1478293160.00399995	3133.63593092982182
1478293567.77200007	3138.57006322865072
1478293572.13199997	3162.94732096972302
1478293579.86800003	3150.86812405268392
1478293614.26699996	3168.00910681205141
1478293731.54099989	3181.61507961840289
1478293866.0769999	3178.12302256911744
1478293871.19700003	3188.52194242098767
1478293929.43799996	3193.72664939967626
1478293951.50500011	3183.14964745711177
1478293955.296	3194.14668598187245
1478293974.80999994	3184.13928521906109
1478293978.64899993	3192.86283110105933
1478294071.9230001	3185.02054909013759
1478294080.97099996	3193.58127058879927
1478294117.1730001	3184.86830739457582
1478294160.39499998	3193.10272178062723
1478294346.94400001	3185.7086206740596
1478294574.87299991	3191.76127411754715
1478294722.56399989	3186.07422300261032
1478294732.80699992	3170.96707331708831
1478294746.3670001	3175.71824327643844
1478294768.54299998	3163.75777121971851
1478294794.85899997	3157.90745918600942
1478294799.05699992	3174.77349438209558
1478294814.88199997	3155.45863878187174
1478294823.87199998	3159.20593927627442
1478294826.03999996	3173.92577833439145
1478294839.03699994	3156.06659265120516
1478294855.00200009	3158.25827579259931
1478294860.92000008	3123.48485202825941
1478294863.8829999	3126.83275719394351
1478294865.89700007	3111.18959858596827
1478294868.86599994	3113.34776675824378
1478294871.12599993	3095.9863397344734
1478294873.88400006	3101.76771582754964
1478294875.16499996	3084.26999999999998
1478294880.39400005	3091.88092931908614
1478294882.28399992	3071.48999999999978
1478294889.39599991	3077.17504378957619
1478294899.23099995	3064.21414262795452
1478294904.03699994	3067.91124292848053
1478294906.28999996	3058.93299120940947
1478294916.22000003	3063.47584759490337
1478294918.53800011	3055.3010029866723
1478294951.47000003	3075.60342082815441
1478294959.30800009	3069.69875232484674
1478295016.55900002	3098.22020804869362
1478295025.80999994	3090.25077832613806
1478295032.75099993	3102.16201917408534
1478295066.01799989	3103.23631740533529
1478295140.18700004	3123.62700702153461
1478295144.13599992	3146.5774345831469
1478295146.22900009	3137.15000000000009
1478295149.19499993	3165.31724865664637
1478295293.75	3140.93959438451111
1478295296.71799994	3123.36094388877109
1478295360.14299989	3128.61528853253276
1478295363.99399996	3113.46606031590954
1478295374.30900002	3124.48573931241071
1478295378.31200004	3114.73446249726248
1478295432.27099991	3127.05814273263286
1478295504.60100007	3122.31343841180478
1478295628.204	3128.8625471984401
1478295655.32299995	3114.42746424802181
1478295674.52699995	3129.50126822622769
1478295899.12899995	3128.86535067556906
1478295955.34299994	3086.18897255782713
1478295975.32999992	3092.18975034633831
1478295989.64599991	3081.6789276853824
1478296101.9849999	3081.29462478615687
1478296104.24399996	3058.83670185437541
1478296124.08699989	3062.76701403245306
1478296128.13100004	3056.18331163980019
1478296131.26200008	3038.22669941784261
1478296137.454	3044.84942453175154
1478296141.04500008	3007.34402707602294
1478296152.46000004	3007.07273555150095
1478296169.30900002	3005.32683933994304
1478296170.5940001	2984.74890605967585
1478296178.6329999	3000.97867591253089
1478296182.77800012	2990.3468738714173
1478296191.28600001	3004.07863598297945
1478296216.45600009	3004.07147797855669
1478296249.84800005	3023.79767098466436
1478296256.74900007	3016.65248338341462
1478296271.89199996	3030.12794691934096
1478296280.78600001	3023.11438401871555
1478296291.83500004	3036.54684177229137
1478296320.97300005	3032.70226941047849
1478296366.21499991	3047.71146751750075
1478296367.28999996	3065.13999999999987
1478296370.15700006	3063.88195312839889
1478296379.05200005	3074.69984628809561
1478296390.30100012	3063.23826933759301
1478296407.18199992	3071.83149081117972
1478296416.53299999	3060.92067671491895
1478296452.49099994	3068.44908098209635
1478296461.6170001	3058.91012691076776
1478296479.87400007	3068.12070482383706
1478296526.70300007	3057.91071238869381
1478296587.00900006	3064.14174986543185
1478296634.12599993	3062.11845055148069
1478296635.30500007	3070.67035242520797
1478296671.26900005	3070.62057937862755
1478296673.47099996	3080.12805168295381
1478296698.94199991	3071.33860716997333
1478296700.60299993	3088.77574826139062
1478296703.57200003	3078.65043858170884
1478296725.69099998	3081.21012608628371
1478296734.75200009	3092.23944509379589
1478296743.59500003	3079.25162691881224
1478296758.0150001	3097.21616443485664
1478296767.63499999	3087.70234382780291
1478296769.83599997	3104.22062705349663
1478296775.0480001	3092.6856122020863
1478296788.09800005	3095.32657972298693
1478296794.86899996	3106.03347531310374
1478296802.74399996	3097.0692099435355
1478296805.97199988	3087.65729292849346
1478296812.96700001	3089.82789349569612
1478296815.8900001	3069.00060760262659
1478296823.92000008	3087.89527931862995
1478296832.829	3078.84381664839111
1478296834.21199989	3092.98999999999978
1478296836.40899992	3070.3122461967273
1478296981.50200009	3082.6207827192502
1478296986.63000011	3097.11322333059525
1478296990.40199995	3093.40387623106699
1478296993.51999998	3105.15300794885616
1478297019.51399994	3094.01870459275324
1478297042.83400011	3104.17980608511789
1478297072.65199995	3096.20621258561323
1478297093.53800011	3101.45450495394834
1478297095.57800007	3120.06605384407794
1478297108.3829999	3113.09961005871173
1478297110.02399993	3127.51444683756245
1478297116.98000002	3115.86709348061095
1478297125.10100007	3132.75522710514588
1478297131.03399992	3121.50114450317506
1478297139.16899991	3137.86773728214848
1478297146.42400002	3128.80621880240005
1478297167.18199992	3137.38472509760277
1478297231.66899991	3131.0444237552033
1478297264.86599994	3136.68199246019913
1478297270.58500004	3146.44103820181863
1478297283.87299991	3143.88573482813126
1478297290.56100011	3151.99043365748776
1478297310.7650001	3144.68779699017568
1478297315.16100001	3159.3346454241273
1478297333.86400008	3151.89607526469263
1478297336.06800008	3166.86604173618844
1478297354.25600004	3157.04494913709959
1478297356.25699997	3171.17322845913486
1478297383.43099999	3162.29745309097916
1478297394.06800008	3171.78718020026554
1478297436.52800012	3163.32532013145874
1478297459.25900006	3173.29637162896734
1478297465.48799992	3169.86640984198493
1478297479.39700007	3184.28102758284831
1478297495.38899994	3174.1637524148764
1478297525.48699999	3184.48231435785328
1478297584.82800007	3177.51890808656844
1478297811.71399999	3187.25537432402552
1478297940.17600012	3172.73993202570955
1478297943.66000009	3181.47002427702273
1478297949.05999994	3172.420499866927
1478297983.7750001	3182.08608562652216
1478297990.52399993	3172.96588065502374
1478298007.8039999	3183.31135400777475
1478298017.83400011	3172.69353965712753
1478298027.5	3183.26483397364427
1478298046.625	3173.80714828564123
1478298167.43899989	3187.79753417200209
1478298271.88499999	3180.65563833291617
1478298291.85800004	3188.51431713100646
1478298333.93099999	3180.76237133922996
1478298453.4749999	3191.14489318228061
1478298478.39199996	3181.83334545513299
1478298485.6559999	3192.55398026456533
1478298516.77200007	3183.85452037667392
1478298524.02999997	3195.57118757584885
1478298529.59500003	3185.05016099945624
1478298557.75	3196.25702981551422
1478298698.25999999	3197.35319549159249
1478298743.36500001	3207.4683011680745
1478299018.98799992	3214.4858032712018
1478299020.89400005	3224.71870107381255
1478299028.97900009	3222.97342686283264
1478299034.06699991	3197.45904869234255
1478299039.602	3209.41504682739424
1478299049.73200011	3202.6887395774711
1478299087.2249999	3212.84059952630332
1478299091.94000006	3222.45817420106414
1478299105.24900007	3227.13462646577364
1478299108.23099995	3208.06510233196377
1478299132.59599996	3218.41847520277315
1478299136.15899992	3208.55593499161751
1478299144.04699993	3214.60118233707135
1478299146.4519999	3204.12593114872152
1478299201.59800005	3203.57160338944777
1478299203.44700003	3187.23080872098581
1478299218.37299991	3199.45602747873727
1478299224.39400005	3189.55469251822569
1478299307.98300004	3200.39164675554002
1478299323.10100007	3189.25690070325982
1478299332.86999989	3201.83508569602373
1478299346.2650001	3190.60013793233065
1478299378.59699988	3201.26014558824636
1478299384.44099998	3190.5974798907032
1478299421.44899988	3199.89124962395545
1478299425.55299997	3176.52546033643148
1478299427.35400009	3176.5459911774069
1478299437.81399989	3141.66445383096743
1478299439.65100002	3125.91091567307876
1478299441.53399992	3134.56552678796015
1478299442.94499993	3112.98091008503252
1478299464.40700006	3130.89777471900925
1478299649.42499995	3158.99151928226229
1478299669.59599996	3150.22042390046136
1478299679.7190001	3161.41508957820861
1478299683.56299996	3186.6589981657753
1478299686.64599991	3176.13557651543806
1478299688.85299993	3201.90232661818982
1478299692.64199996	3195.17398108342832
1478299694.58400011	3214.57814683928655
1478299696.79399991	3209.03409797509585
1478299697.82399988	3225.69000000000005
1478299702.69700003	3221.20211851915656
1478299704.69199991	3235.37990682991995
1478299705.77099991	3215.23999999999978
1478299710.64299989	3204.08108913971
1478299730.41000009	3207.49660356770937
1478299814.73000002	3180.67170669898769
1478300144.56699991	3183.98776155178894
1478300159.49000001	3176.82078324113854
1478300184.41000009	3186.63684479144104
1478300189.25600004	3179.27179633971127
1478300191.55599999	3161.59308449104992
1478300204.83400011	3172.16666354552171
1478300216.8829999	3162.53350002612706
1478300218.99900007	3141.04947097993681
1478300233.69700003	3153.04063887500206
1478300235.74699998	3134.3090205063736
1478300249.77800012	3147.69551972490444
1478300255.40300012	3138.53907376156667
1478300275.66100001	3148.34663410036046
1478300289.01300001	3137.82264306849447
1478300321.33599997	3145.89151883233581
1478300347.17499995	3135.77785990496295
1478300430.70700002	3140.83245452105757
1478300441.74799991	3131.61790920803696
1478300443.86500001	3115.37086643831981
1478300446.74499989	3120.48430756144717
1478300448.90499997	3097.69302773699474
1478300462.704	3110.58877443398342
1478300469.47300005	3102.46794057747502
1478300488.77099991	3115.15571358818488
1478300508.78800011	3107.55044155837095
1478300511.60299993	3112.10351539580552
1478300513.09299994	3099.85711731609626
1478300548.75099993	3112.95631825813871
1478300568.45700002	3107.06504641471565
1478300580.9460001	3119.1122174459083
1478300597.34599996	3110.41740507082159
1478300603.18000007	3119.82771650808672
1478300650.15700006	3114.72997463578349
1478300693.69499993	3127.6650890064443
1478300702.54299998	3122.28601975533456
1478300704.90199995	3152.09719729639482
1478300707.81900001	3136.37259031746908
1478300710.33999991	3165.65594635568777
1478300714.64400005	3156.28104032859119
1478300716.83800006	3177.26682127807544
1478300720.48300004	3174.96840661749866
1478300723.03999996	3200.26762052440972
1478300727.66499996	3195.53535778097375
1478300729.55299997	3215.11717649295952
1478300735.69400001	3198.58526887845301
1478300740.352	3206.62346931867023
1478300832.27399993	3170.9654370281919
1478300834.98000002	3150.22462695433842
1478300843.27099991	3158.91317057329525
1478300850.40499997	3145.6029756099706
1478300852.05599999	3130.00487022949073
1478300856.34299994	3140.69558344054803
1478300881.66799998	3129.69584787393796
1478300882.74099994	3114.02891401379566
1478300901.39899993	3123.3221977278904
1478300964.3440001	3119.68043669412191
1478301055.11899996	3139.70993648935155
1478301060.99499989	3130.26996498648259
1478301071.27900004	3141.50606382583146
1478301086.10599995	3129.96324682641625
1478301098.45300007	3135.87502293522175
1478301133.50999999	3112.96595751893756
1478301140.47399998	3119.68255002773321
1478301157.73799992	3108.70645791350671
1478301173.49399996	3115.02500344437749
1478301228.72000003	3110.93012475470459
1478301238.4920001	3124.46482295789156
1478301274.57299995	3126.02957907826067
1478301333.82500005	3137.84709963908927
1478301376.63499999	3130.25213140117967
1478301405.30599999	3139.94471487927512
1478301431.33299994	3131.58144823876864
1478301571.70600009	3139.73212411222039
1478301574.78800011	3158.21747895897352
1478301586.54500008	3146.30277240895975
1478301596.26399994	3152.61192370194658
1478301598.12100005	3171.21325661536048
1478301608.39599991	3159.40512810883183
1478301624.45300007	3168.91823795985783
1478301627.59500003	3192.05601125097201
1478301632.68300009	3176.72615810297975
1478301657.43700004	3185.35359501573112
1478301666.75999999	3182.51391982298173
1478301676.59800005	3191.68080442317023
1478301724.40499997	3185.54202255308655
1478301814.95600009	3197.04625148754894
1478301822.28699994	3187.821534536949
1478301830.41199994	3198.03917896124176
1478301846.37899995	3187.44852163429459
1478301853.11999989	3198.39411936011629
1478301860.23200011	3188.65283127110433
1478301886.3670001	3198.18261293698197
1478301894.68600011	3188.70107161025771
1478301903.44700003	3198.12253838433617
1478301954.88400006	3190.48205884829622
1478301991.85899997	3199.63915922364504
1478301997.00999999	3191.12219604451548
1478302156.5480001	3200.94530807226056
1478302163.45499992	3192.96740376571006
1478302198.80599999	3201.0278710939433
1478302217.88499999	3192.96981006200622
1478302238.87299991	3202.21715702596703
1478302243.00999999	3192.92209847075083
1478302387.579	3200.98620937708711
1478302422.78299999	3192.16117101449663
1478302570.81599998	3198.653341537085
1478302616.63599992	3191.48922944114929
1478302703.25399995	3198.77020823884322
1478302743.56599998	3190.38376649302836
1478302759.12700009	3198.80630145058149
1478302805.39199996	3191.29217549461919
1478303044.91100001	3198.81207104527675
1478303052.49099994	3190.79585118534578
1478303189.45300007	3199.06864176584759
1478303222.86400008	3191.24752750768084
1478303280.23699999	3199.8593358490989
1478303293.34100008	3190.78664316395543
1478303330.85800004	3199.88605333020359
1478303419.02099991	3192.09870607553285
1478303476	3200.18083451345956
1478303485.94499993	3192.46534276923103
1478303499.77200007	3201.4900481545219
1478303517.37899995	3192.94535881202046
1478303574.78299999	3201.48170943321747
1478303585.42199993	3192.66972339340236
1478303651.73799992	3199.48464288100558
1478305413.1789999	3198.09029917521957
1478305577.04900002	3190.68057770223913
1478305817.21700001	3196.63123150140791
1478305830.41000009	3187.847198001381
1478305847.10899997	3197.5530623829045
1478305899.14100003	3188.30043484248381
1478305909.62100005	3196.95772924080075
1478305995.46799994	3188.87713737231252
1478306030.94400001	3196.47535903292737
1478306041.68199992	3187.44100539316878
1478306047.91100001	3198.50935179561429
1478306073.5	3188.05342104781812
1478306082.55800009	3198.1240431207475
1478306118.773	3189.78711356536451
1478306139.56200004	3196.31792512492711
1478306234.04500008	3189.02153791550381
1478306239.829	3197.87190123293612
1478306247.66599989	3188.39568122457194
1478306272.3670001	3197.30729154501387
1478306285.36400008	3189.11545474531204
1478306298.56299996	3198.45505834061487
1478306306.5480001	3188.03593431544186
1478306323.33800006	3198.17571937685352
1478306344.67600012	3188.9637616843529
1478306409.398	3197.27441255007989
1478306505.35899997	3190.00615258053404
1478306574.62199998	3197.60022928253693
1478306650.69199991	3190.74322294584863
1478306933.97300005	3197.46271793296182
1478306947.58100009	3188.68556055021372
1478306956.63100004	3199.5473492976862
1478306965.11800003	3189.02503226736189
1478306982.76799989	3198.56698036320131
1478307003.57999992	3189.82306100532014
1478307088.52600002	3197.86177174034356
1478307101.36199999	3188.58345705245392
1478307110.977	3199.71600440152315
1478307117.94300008	3187.85314552067211
1478307124.48200011	3200.47656460612097
1478307128.421	3189.30611184248301
1478307157.36800003	3197.71350653219361
1478307162.97600007	3189.37657747770709
1478307243.96099997	3198.5040143000756
1478307267.22300005	3189.23726632789749
1478307279.9690001	3197.42200018055655
1478307299.62800002	3188.61503493102236
1478307316.7579999	3198.51966457654726
1478307327.23399997	3189.32463497217213
1478307338.47000003	3198.43082580408873
1478307347.43099999	3189.79351908298986
1478307422.76300001	3198.32367576006527
1478307888.32399988	3192.05195095470572
1478307901.67400002	3198.91901459689916
1478308091.898	3191.52898473796813
1478308100.19899988	3200.56768484565418
1478308115.75200009	3191.3837190341651
1478308137.48900008	3200.80773343329429
1478308148.46000004	3190.44981734038765
1478308165.85800004	3199.34974834942568
1478308519.79399991	3191.93777300172405
1478308534.77699995	3199.61409752546615
1478308545.93199992	3191.70157893859732
1478308553.05999994	3199.44834085345929
1478308579.0309999	3192.34160728130973
1478308620.69099998	3198.4355599876435
1478309269.51600003	3192.8439158768183
1478310216.25300002	3195.86210515508355
1478312036.1099999	3192.05619555619114
1478312313.56200004	3197.27046179255331
1478312446.94400001	3189.64614959909522
1478312450.47799993	3198.90942201850658
1478312457.5539999	3189.00634019726249
1478312476.78299999	3197.45399858857718
1478312654.18099999	3191.18514822331008
1478313824.6559999	3193.66300232240155
1478313851.21199989	3200.59609643219665
1478313857.90899992	3192.48046409738026
1478313966.55200005	3198.28811594412628
1478314011.8440001	3190.222832574942
1478314017.9289999	3200.43315217741201
1478314022.76900005	3189.29469794935176
1478314026.54299998	3198.84727167905112
1478314109.27699995	3190.90413267254917
1478314191.39499998	3198.49682640364608
1478314368.34800005	3190.65381464127267
1478314376.31200004	3200.57821754222277
1478314382.00500011	3189.79520950030155
1478314392.60299993	3200.99078109722814
1478314399.56100011	3188.78520707265989
1478314411.28900003	3199.26849799762795
1478314435.34200001	3190.05015598640966
1478314451.6329999	3198.85973606118114
1478314658.18300009	3191.26453734388542
1478314683.48200011	3198.78851681146443
1478314874.2420001	3191.03046860857512
1478314878.39400005	3204.74670078318377
1478314889.45799994	3192.61147360601717
1478314898.3670001	3202.56083091791606
1478314917.49799991	3191.91800339201018
1478314936.6099999	3200.45385230036163
1478315085.24099994	3193.40570853138252
1478315103.19099998	3203.0626561776262
1478315118.34800005	3194.38986780241839
1478315206.68600011	3203.15397375163502
1478315358.13499999	3190.09630109836462
1478315364.18499994	3198.27958464621952
1478315378.35599995	3188.26512523110796
1478315380.5	3195.36068250489552
1478315451.78900003	3191.34129947546171
1478315457.77399993	3199.57264345625663
1478315471.49000001	3188.36865010245901
1478315483.87299991	3197.54869117258568
1478315489.08299994	3188.15686389785878
1478315504.93899989	3197.52249944437972
1478315519.08599997	3185.80617199039216
1478315521.76200008	3195.09347021200119
1478315579.42400002	3199.53186122180932
1478315722.89700007	3189.9311691807693
1478315925.2750001	3196.31896487721406
1478316343.19400001	3193.24073619170076
1478316398.71000004	3199.80475698898772
1478316584.14400005	3194.69243834009558
1478317228.49699998	3201.6952860681854
1478317370.32299995	3193.71620234902366
1478317378.398	3202.01549230387354
1478317387.53399992	3193.90558668944186
1478317465.53699994	3201.47913268204002
1478317948.648	3195.97418184980643
1478317984.90300012	3203.33108412928141
1478317994.77800012	3194.65333897633536
1478318015.75200009	3204.02403157928256
1478318045.98099995	3195.3305056600334
1478318241.66700006	3203.85200259451267
1478318265.79099989	3196.13400008905592
1478318332.11500001	3203.6707465106465
1478318378.33599997	3195.3916553790923
1478318425.50600004	3204.46071551429395
1478318442.61500001	3195.12059907164348
1478318539.02800012	3203.93008224782079
1478318548.79299998	3194.13667488736019
1478318558.24799991	3202.87525534962788
1478318941.50699997	3196.77066438538714
1478319028.34800005	3204.08514760201524
1478319048.87199998	3195.9680917963974
1478319202.8440001	3203.11470403890826
1478320089.477	3197.3578949668622
1478321476.79200006	3197.48636797657582
1478321539.87800002	3190.13176721221589
1478321550.0150001	3198.54180971319465
1478321555.171	3191.52007425392776
1478321680.91000009	3201.10308483109839
1478321761.99699998	3192.40524058069468
1478321814.26799989	3200.81587590812296
1478321900.454	3192.85630999886962
1478322024.00399995	3203.7214166738122
1478322030.90899992	3192.29179426307155
1478322046.02800012	3204.41021639958126
1478322081.11899996	3192.60412923343165
1478322087.30900002	3201.40789640313005
1478322095.41000009	3192.69537996306008
1478322104.40199995	3201.70558300220364
1478322257.01200008	3195.12249733526505
1478322310.3440001	3203.03045195842151
1478322318.21799994	3193.76386900185571
1478322346.60599995	3203.71982264745384
1478322443.56599998	3194.82023452490057
1478322534.1789999	3203.80859757550979
1478322538.12899995	3189.38954663286404
1478322566.98000002	3202.10996831096054
1478322696.79699993	3200.43923315884058
1478322710.71099997	3191.52968403711156
1478322780.1559999	3201.96035219814848
1478322800.98200011	3194.04805334952607
1478322811.14400005	3202.88064791287616
1478322816.31399989	3192.85081292716222
1478322826.28500009	3203.59517861362474
1478322846.34500003	3193.32996882520456
1478322860.29500008	3203.41286119568258
1478322870.52600002	3193.70180727141542
1478322930.45300007	3200.86033684314907
1478323914.38899994	3194.93853738898179
1478325398.68899989	3198.34571908823909
1478328731.80999994	3197.0154846609189
1478328751.81999993	3205.83554839424232
1478328761.54099989	3195.7592759776112
1478328766.34800005	3206.17445108480933
1478328772.6960001	3194.93487299152821
1478328778.94099998	3204.85784724119776
1478328786.41700006	3195.27134729389172
1478328790.81399989	3204.19480810621417
1478328891.33800006	3196.12441266516907
1478328926.54699993	3205.00736349225417
1478328959.03900003	3196.20581928335514
1478328989.7809999	3205.58424953688473
1478329108.546	3198.7406218655251
1478329198.99300003	3205.12144246240814
1478329369.30800009	3196.12828810593282
1478329372.37599993	3203.41051361852442
1478329384.977	3193.11827606862971
1478329388.91700006	3203.18705601035981
1478329599.60800004	3194.62962647751874
1478329668.19300008	3203.06953982515643
1478329782.39700007	3195.67241994591404
1478329833.1400001	3203.46751557283824
1478329931.78999996	3195.15214621194264
1478329939.50699997	3204.95608135529164
1478329949.79099989	3195.09032540794215
1478329957.14599991	3203.49926996072463
1478330146.75	3195.22760017196106
1478330175.08599997	3204.54732810722226
1478330186.99699998	3193.19893463084236
1478330214.36599994	3202.94733057590292
1478330299.64899993	3193.69190888805906
1478330336.70600009	3202.93316600968683
1478330344.70499992	3193.09247605762539
1478330424.79699993	3201.79884381800457
1478330453.04500008	3193.99281594208469
1478330494.74499989	3201.94334616693777
1478330503.93400002	3192.48784399127317
1478330510.0480001	3203.42904557558495
1478330534.68199992	3193.5119104232208
1478330567.48099995	3203.26421519524683
1478330577.03699994	3193.12349957861716
1478330594.0250001	3203.24750304304825
1478330597.81800008	3191.31231679256416
1478330601.80100012	3202.92774683397965
1478330624.49900007	3192.0447963356537
1478330647.41199994	3202.2840327806548
1478330704.83899999	3192.65070298277806
1478330712	3203.10410350642451
1478330720.23300004	3192.27201118353105
1478330727.95000005	3202.31727532209061
1478330747.36299992	3193.58643020277214
1478330755.398	3201.89486391731543
1478330774.15300012	3192.67503355467852
1478330776.76900005	3201.9455215681719
1478330785.63000011	3193.02776284526908
1478330804.15199995	3201.84917228674112
1478330856.32299995	3194.06272202867285
1478330866.35500002	3202.49438392361481
1478330888.82800007	3193.31357615199067
1478330903.13899994	3203.31480321979188
1478330912.55599999	3193.64278762706181
1478330928.92199993	3203.42514612090645
1478330944.67700005	3192.38135244616387
1478330957.99000001	3202.47843976517606
1478330991.0150001	3193.24580672891852
1478331059.6559999	3201.81465309900204
1478331070.49600005	3192.60236799146742
1478331078	3203.55617525235584
1478331089.13800001	3193.33647353294646
1478331119.26399994	3202.90900905054286
1478331198.96600008	3194.67008626368943
1478331317.19199991	3202.39053665109986
1478331368.07399988	3193.45910411717114
1478331380.44799995	3203.05486891158716
1478331385.30999994	3193.54976559611214
1478331428.977	3202.16995310289758
1478331434.704	3193.49269690949586
1478331612.91700006	3201.58449597969684
1478331693.00200009	3194.68608301038648
1478331759.21399999	3202.97735141604471
1478331762.63400006	3193.12707319105311
1478331771.75500011	3203.01696191362271
1478331785.46399999	3194.63854587222613
1478331796.36400008	3203.28515704051961
1478331825.04900002	3193.16615323134829
1478331864.20900011	3203.41590848541364
1478331924.16799998	3195.18217800695174
1478331937.88000011	3204.19230464332759
1478332001.38899994	3195.60547435653825
1478332055.74399996	3203.0164224953719
1478332069.56599998	3195.07969582757096
1478332699.46300006	3202.12391054123873
1478332781.83899999	3194.62730122547873
1478333142.61199999	3201.1166203022849
1478333248.60100007	3193.58574508690344
1478333254.44199991	3202.64942451760908
1478333286.15100002	3193.98480638364299
1478333409.06500006	3200.05651315000841
1478334472.32500005	3191.47581688916262
1478334483.70600009	3201.68168138834199
1478334584.77900004	3192.94986525643026
1478334652.9519999	3206.88428746494583
1478334714.19099998	3199.41356843096764
1478334846.87800002	3208.31895036712649
1478334905.00099993	3199.59792452774082
1478335021.74099994	3208.4846411095109
1478335040.15700006	3199.61145748984245
1478335065.74399996	3207.91353223753231
1478335119.35500002	3200.64287379108646
1478335195.72199988	3208.99562912647571
1478335210.83200002	3199.86285890298632
1478335219.66100001	3208.91675182542122
1478335223.45499992	3198.88942341528627
1478335239.77399993	3208.7868376400238
1478335256.15499997	3198.89997463768532
1478335269.21000004	3209.19714402136196
1478335301.22399998	3200.72790701431768
1478335481.85899997	3208.02419964830324
1478335524.04399991	3199.78916501094773
1478335577.61999989	3208.46941307327097
1478335677.50200009	3199.84216205492839
1478335693.03800011	3206.97226946056344
1478335970.45900011	3201.16528641470859
1478336736.76399994	3204.47079938896286
1478337471.85299993	3199.7021810828428
1478337550.1730001	3205.57066649860008
1478342566.38899994	3192.35440118925635
1478342713.79500008	3198.10969118585854
1478342786.1730001	3190.60255843229515
1478342849.4230001	3197.2056983154589
1478343123.47799993	3190.2178446679186
1478343242.21000004	3199.48158472922569
1478343254.12400007	3208.81019413454487
1478343286.48099995	3198.60544026758316
1478343304.0940001	3207.79388163183694
1478343322.7190001	3196.78706744474948
1478343331.46399999	3207.12915554955771
1478343336.31399989	3196.39176497664812
1478343339.59299994	3206.03337472900466
1478343356.42600012	3198.03101709725797
1478343360.53200006	3205.27879294034619
1478343607.42499995	3198.88182227482321
1478344128.6400001	3205.6676929912046
1478344833.30599999	3199.03390597060752
1478344873.63800001	3206.40645465463012
1478344899.80299997	3198.4355661667023
1478344945.80200005	3205.95548336465799
1478344977.83500004	3198.59022171818242
1478344992.04999995	3205.39325673827807
1478345322.46700001	3198.19502495845836
1478345522.29500008	3204.39158539266828
1478345673.83999991	3198.22651544638211
1478345818.29299998	3202.83609602439037
1478345975.03399992	3196.94179282433151
1478345992.31100011	3203.62882208409246
1478346059.48900008	3195.64592844157778
1478346110.704	3203.97380633484454
1478346114.68099999	3195.26561453971226
1478346451.07999992	3202.86621932628714
1478346490.01099992	3196.27921482615557
1478346757.046	3201.74613733132401
1478346808.49399996	3192.96272061112995
1478346844.69799995	3201.92365202843757
1478346849.85899997	3193.60811777538129
1478346900.85800004	3200.7622029995955
1478346905.8829999	3191.09258549606466
1478346956.0940001	3199.68923551460375
1478347676.24399996	3190.81601410029225
1478347737.11100006	3198.52603249021149
1478347789.28399992	3190.77283015572448
1478347827.64299989	3199.29506467480587
1478347882.84899998	3189.46599112952799
1478347889.65700006	3199.23028135310142
1478347925.8599999	3191.01838115637838
1478347958.99600005	3199.53985138272401
1478347980.96099997	3189.89561256888055
1478347993.34599996	3199.03590418018621
1478348057.33899999	3191.00619868799504
1478348158.32299995	3197.08735612370447
1478348642.91899991	3190.07636849202527
1478349012.43799996	3197.08897996675887
1478349036.40400004	3190.90567501348187
1478349339.39499998	3198.70039847058479
1478349488.2349999	3191.96354547173814
1478349616.83100009	3198.60686966886851
1478349705.04999995	3190.99796114295032
1478349745.95300007	3197.47794440926327
1478349812.48699999	3190.97738115968559
1478349857.30200005	3199.79717407685985
1478349891.64100003	3192.23191366662195
1478349949.13800001	3199.39148310882547
1478349969.47799993	3191.14591032146018
1478350010.03999996	3199.68700315161141
1478350018.68899989	3191.4307875549498
1478350039.50300002	3200.00809983312183
1478350054.8499999	3192.20159148992025
1478350065.83599997	3200.88448604953192
1478350069.98399997	3189.83331480427887
1478350079.02999997	3201.25055534006015
1478350087.73799992	3191.6738693849461
1478350410.93099999	3199.49422890168717
1478350612.50900006	3193.77122723570619
1478350754.40100002	3199.05731684074135
1478351307.35899997	3194.97825854458142
1478351553.39499998	3206.48668366137781
1478351632.08299994	3193.47233166912793
1478351642.99499989	3202.51264789521065
1478351658.1789999	3192.78203116076929
1478351689.88899994	3200.03621004224715
1478351941.88899994	3190.04269655135931
1478351997.41000009	3199.27461051758246
1478352003.17799997	3188.85771614232499
1478352009.41499996	3198.54231862462757
1478352017.102	3191.37318495622867
1478352033.24099994	3198.70414072056656
1478352081.98600006	3191.07267935568279
1478352321.95000005	3198.26778740219243
1478352345.05599999	3190.26424194557376
1478352350.954	3198.78752807184264
1478352385.25099993	3190.38984845091181
1478352392.75399995	3199.54147024664007
1478352453.05999994	3191.67543674549597
1478352646.17499995	3200.951521898382
1478352725.34200001	3192.92827379796563
1478352791.79500008	3200.52278609374662
1478352847.57599998	3192.39850130903505
1478353003.67000008	3199.85810986046135
1478353172.11999989	3193.52542816702453
1478353685.97199988	3195.67384085937692
1478354431.23799992	3189.90544081262442
1478354435.98600006	3196.55522672426059
1478354456.5769999	3186.68269164349749
1478354463.06100011	3196.77650068273397
1478354482.93000007	3185.76017759546812
1478354515.47900009	3196.25612929548606
1478354535.62100005	3186.59623741401492
1478354541.80800009	3195.95634680164449
1478354694.0480001	3187.61418387495542
1478354714.33500004	3196.17271542283243
1478354720.98200011	3188.64403109226805
1478354763.11999989	3193.48426661987105
1478354769.54500008	3186.51394964031533
1478354773.6730001	3194.04718905755408
1478355155.89599991	3196.70564766434427
1478355247.98600006	3188.95529088016701
1478355266.62599993	3197.13033232878252
1478355273.61999989	3187.34310918134133
1478355283.94799995	3195.7839868724318
1478355300.8039999	3188.2545309877928
1478355394.28200006	3195.3067351720033
1478355407.35899997	3186.55270279730621
1478355412.26399994	3195.79800947192689
1478355473.60299993	3187.89657766682103
1478355480.05999994	3197.28241923185351
1478355501.16400003	3189.43564133792052
1478355717.29399991	3196.88634730490912
1478355955.94000006	3189.36579883779996
1478355969.99799991	3197.8848947872898
1478355983.65899992	3188.57214091958394
1478355995.99600005	3197.19898850943309
1478356123.70000005	3189.88996653656068
1478356132.95300007	3199.06032157693471
1478356141.65100002	3187.94888263979692
1478356158.83999991	3197.0597597400033
1478356241.32200003	3189.20984175500826
1478356394.3499999	3196.15948954486839
1478356448.75399995	3187.04806883430865
1478356453.06299996	3197.05715581433606
1478356466.34800005	3187.05102162539424
1478356481.01699996	3198.16120477868344
1478356493.4849999	3188.22699328242334
1478356498.09100008	3197.89977886848919
1478356526.08999991	3191.4740798412131
1478356532.80200005	3199.50077854506117
1478356566.42199993	3190.11536444579315
1478356956.59899998	3200.85119090734133
1478357061.57200003	3192.31830024205328
1478357081.94300008	3199.70664650024901
1478357138.78500009	3192.52638889605396
1478357290.94799995	3199.60625463771248
1478357304.03200006	3190.6334948458275
1478357314.32800007	3200.41167198174981
1478357331.273	3190.09875349442427
1478357367.21799994	3198.80129719250044
1478357397.75099993	3191.64036087329123
1478357448.8499999	3200.20919209553449
1478357452.32200003	3190.66147577919946
1478357518.16799998	3198.75260769986107
1478357527.22399998	3190.21977024335547
1478357600.78399992	3198.07415180388261
1478357606.26600003	3189.38081245344165
1478357651.79200006	3196.97350189257259
1478357723.61299992	3190.79056120881796
1478357768.54999995	3201.94319296470485
1478357772.75099993	3192.35127508073901
1478357805.22799993	3201.5728355602605
1478357865.50900006	3191.52985519747381
1478357900.80100012	3199.2115290349102
1478357913.43400002	3191.45690329344507
1478357920.58999991	3202.183617230653
1478358121.8210001	3194.85244511498058
1478358140.74399996	3201.8974136624397
1478358158.45099998	3192.86849169206471
1478358180.97900009	3200.9359744584026
1478358186.59800005	3193.00984989210565
1478358245.9289999	3201.66236802085405
1478358249.102	3193.0315705870762
1478358307.38499999	3199.64657674383216
1478358309.16599989	3213.55844536440009
1478358352.36199999	3202.40126427902123
1478358371.49300003	3216.39623034643819
1478358385.7650001	3204.88266418308376
1478358400.079	3213.00894422807323
1478358410.86999989	3222.8758300323293
1478358424.58699989	3212.78409347925754
1478358493.01200008	3226.24578183514177
1478358522.19899988	3221.42957047113941
1478358524.30599999	3234.6011156128011
1478358538.58200002	3223.01578516791824
1478358549.1960001	3232.68926028089572
1478358574.73900008	3227.7636769790065
1478358577.44400001	3240.49847255748
1478358620.68499994	3239.90241364044368
1478358676.05500007	3253.77707643754047
1478358722.79099989	3247.94591292291989
1478358733.49000001	3260.62452832819372
1478358761.16799998	3254.11190012923862
1478358773.49499989	3238.37206978580707
1478358779.49399996	3243.62115429688174
1478358781.44899988	3232.24247154648083
1478358792.43099999	3234.80997992602261
1478358795.7249999	3224.44640727351953
1478358818.12700009	3231.26591481024843
1478358820.94499993	3216.81667761232666
1478358829.89400005	3218.39205119865346
1478358836.77099991	3203.88878043061186
1478358839.34500003	3192.62659807184127
1478358844.921	3202.1270547798099
1478359066.54299998	3189.52336455834666
1478359109.25200009	3198.3715497794451
1478359159.8269999	3188.73452263218996
1478359195.46000004	3197.49264909189515
1478359202.16700006	3187.90979565826365
1478359268.97600007	3196.07977879987948
1478359598.26699996	3187.55360449812633
1478359762.77099991	3194.18641873163006
1478359777.04399991	3185.62017117642563
1478359788.28600001	3193.75225240268128
1478359861.63800001	3186.43350340882807
1478359869.77200007	3194.79477545128566
1478359912.55900002	3187.85100610862901
1478360132.454	3193.99264682648891
1478360728.1329999	3186.04234851817773
1478360755.28999996	3193.214704822984
1478360793.02399993	3189.81703083570528
1478360796.29999995	3199.88884069692995
1478360810.56599998	3191.05353036604356
1478361124.90199995	3194.49141659254792
1478361459.04699993	3190.46151660843361
1478361460.27399993	3167.59999999999991
1478361461.39400005	2770.40000000000009
1478361462.35899997	1811.87999999999988
1478361463.38899994	1665.69000000000005
1478361464.96000004	1825.53999999999996
1478361466.25200009	1864.678959173659
1478361468.50900006	1877.55496095932494
1478361472.30100012	1837.57529620010428
1478361476.37800002	1774.78727298047897
1478361481.32200003	1714.99519550117157
1478361487.45900011	1612.39448494391422
1478361496.28800011	1488.93180984613764
1478361503.63700008	1364.3423556353182
1478361510.62400007	1267.5609061974078
1478361519.70000005	1241.82769784783659
1478361533.66000009	1271.28899548007553
1478361549.23099995	1250.77835861447943
1478361553.67499995	1266.73643862054269
1478361559.477	1251.43188375098953
1478361563.76999998	1266.49159838864011
1478361566.78900003	1249.48932692874746
1478361572.53999996	1269.11028972447821
1478361575.98799992	1249.08590147782456
1478361581.42400002	1271.81686390189748
1478361588.59699988	1251.33933812766713
1478361590.85700011	1272.25816841386518
1478361599.76200008	1251.81301622855085
1478361602.0150001	1276.81298406735141
1478361612.63700008	1251.13443878154476
1478361616.9460001	1280.53512636622031
1478361620.84800005	1258.13738971716816
1478361626.57200003	1265.36977402755792
1478361633.43899989	1258.11191154641369
1478361638.04999995	1275.67549071462213
1478361642.96700001	1264.87099214833302
1478361694.93300009	1258.88181580488754
1478361698.01099992	1275.4103298529219
1478361761.29999995	1257.92422259872546
1478361765.20499992	1275.86772206524188
1478361821.82500005	1260.01131892290027
1478361834.90899992	1266.11608592115317
1478361838.55299997	1253.30956349984081
1478361844.90499997	1263.06799927930047
1478361849.83400011	1254.49945344393495
1478361864.48399997	1272.06024812332544
1478361869.75399995	1259.14290282556453
1478361879.31900001	1266.03026613629686
1478361888.77699995	1253.65551211282173
1478361898.72600007	1273.09485802072845
1478361909.51200008	1259.05697401449902
1478361914.73399997	1264.74591810445486
1478361931.67700005	1259.48998235394879
1478361934.75399995	1275.69585453557715
1478361943.49300003	1263.26496591021464
1478361973.20799994	1270.14997884443483
1478361980.48000002	1260.39825095010269
1478361986.31500006	1268.81014194591626
1478361992.92799997	1259.41238154378175
1478362005.55500007	1267.01748487279087
1478362026.59100008	1255.91960587996982
1478362035.48200011	1264.38123316981705
1478362041.5710001	1251.33541654184069
1478362047.55500007	1278.88968560044054
1478362060.52399993	1264.93467524535072
1478362063.60100007	1272.12432807995856
1478362109.8039999	1256.60802219211678
1478362114.53399992	1275.88510318841941
1478362191.10700011	1257.75458388116226
1478362196.18000007	1272.03524058429571
1478362201.00399995	1261.06344301219315
1478362207.3039999	1271.54766246002418
1478362234.36100006	1255.59262828964711
1478362267.60299993	1259.32225589874588
1478362271.32200003	1272.43313317910088
1478362296.37100005	1257.65811534976524
1478362311.46000004	1264.76904445638502
1478362320.80200005	1253.16599982428716
1478362332.81100011	1269.62927846932212
1478362396.79900002	1255.81564519280619
1478362401.15400004	1273.10199566307301
1478362409.51600003	1260.86993787223923
1478362415.4460001	1269.42356286111749
1478362438.09899998	1255.0443784196882
1478362449.30699992	1263.57348570093609
1478362454.23900008	1252.37548018388588
1478362466.33800006	1259.11182316648683
1478362468.29099989	1275.51304305759163
1478362477.46600008	1259.63113391588286
1478362481.8210001	1268.78308261325037
1478362499.96199989	1253.92462546598654
1478362512.23900008	1259.21701506402269
1478362514.39199996	1274.92208921056135
1478362518.63199997	1262.46386538233423
1478362523.50600004	1270.61627740440667
1478362580.99000001	1252.74328847697393
1478362584.57200003	1282.69409352617618
1478362587.25200009	1269.29859470489032
1478362637.78399992	1258.07663567328746
1478362640.2019999	1283.59193601515881
1478362646.81200004	1267.13131617674617
1478362656.90100002	1273.81644127745153
1478362669.37800002	1261.37528527345944
1478362673.42799997	1270.90501979633768
1478362704.06500006	1256.34125870320167
1478362732.92000008	1262.10698850209292
1478362742.38499999	1251.82054212603407
1478362747.60700011	1283.24326184201323
1478362752.57200003	1266.54298235249757
1478362760.55900002	1277.29810282348672
1478362763.273	1263.98392194563439
1478362779.48699999	1267.90093784428677
1478362804.7579999	1255.57696516035298
1478362807.00399995	1277.00807497217011
1478362819.99399996	1260.6712699550842
1478362823.102	1269.8818543772461
1478362858.89700007	1253.70675708977956
1478362866.47799993	1260.87953140372679
1478362868.82999992	1264.56916192350377
1478362871.08200002	1277.51571657261957
1478362874.0480001	1265.17568750145711
1478362901.17799997	1269.2346001838232
1478362918.62599993	1257.53804917003481
1478362926.2579999	1264.25522597514555
1478362941.22000003	1256.81557498836241
1478362943.49699998	1283.6452358005115
1478362955.88100004	1264.25746291264659
1478362960.03200006	1272.77461581433658
1478362971.94799995	1260.21109900019087
1478362999.77099991	1264.5710198647962
1478363008.37800002	1253.46656253658648
1478363026.33999991	1258.27269510470705
1478363028.88899994	1276.72870371205386
1478363035.35800004	1262.1638536392154
1478363079.65400004	1261.86747859609068
1478363089.09100008	1258.58479664059519
1478363090.98099995	1273.24786884522155
1478363110.67799997	1258.98849515428128
1478363123.76300001	1264.15694139469542
1478363131.37700009	1253.43113780490194
1478363141.72300005	1262.03565648260042
1478363147.97600007	1258.06418874904512
1478363150.11299992	1277.7340834781437
1478363155.13700008	1263.08667357643935
1478363180.45700002	1268.34118012976205
1478363186.4460001	1257.74879857138058
1478363190.25	1263.6157129984681
1478363200.31699991	1254.61496423126141
1478363215.35700011	1262.17768695341829
1478363217.49799991	1256.48512645893197
1478363219.45099998	1278.47722687469604
1478363230.28800011	1263.19261175797055
1478363257.22399998	1264.5239339459722
1478363264.57800007	1255.50685871170526
1478363280.57599998	1262.64661326312194
1478363286.60500002	1255.81581590913584
1478363289.625	1285.31158274918835
1478363293.52600002	1268.52686665641818
1478363297.25999999	1276.24405516642491
1478363364.70600009	1252.90129365852749
1478363371.34599996	1262.4018234023747
1478363373.92000008	1281.47791938463797
1478363381.02800012	1265.90524714787352
1478363403.0480001	1270.97013867041301
1478363438.17700005	1256.70562563933095
1478363443.23600006	1266.37283942969907
1478363450.14700007	1255.98878603713752
1478363466.28500009	1258.38141913861841
1478363469.3670001	1275.60410122077883
1478363481.53999996	1261.42535140307336
1478363486.34299994	1270.8164583546677
1478363496.28800011	1260.78558063741775
1478363551.77200007	1260.16095923632042
1478363552.65700006	1273.95000000000005
1478363583.68099999	1256.67311615188919
1478363594.87700009	1266.18834421872907
1478363604.102	1252.4980529914194
1478363612.1960001	1261.05515231069012
1478363614.16100001	1279.95589812277672
1478363627.66599989	1266.72717984767792
1478363651.07800007	1272.98314906974588
1478363667.7650001	1259.83952434926164
1478363684.13400006	1267.03195080886849
1478363727.02600002	1255.93031102057444
1478363729.7019999	1281.65319232905722
1478363743.41100001	1264.71617902252774
1478363762.33200002	1269.78160827997817
1478363817.47600007	1256.94218216686636
1478363819.74499989	1276.87739917907925
1478363826.90300012	1263.1556430181206
1478363846.73900008	1267.42606505598906
1478363891.05500007	1254.14040812920962
1478363895.09800005	1282.86133874897405
1478363899.14499998	1267.82309081059066
1478363921.5480001	1272.29756624081551
1478363931.33100009	1259.02313234175199
1478363935.22600007	1268.76359315499553
1478363998.10599995	1256.46211484008541
1478364000.41599989	1275.03337975404565
1478364007.43099999	1262.89754558064647
1478364018.49099994	1270.10322376700219
1478364041.21700001	1256.38640279116498
1478364047.352	1265.83816555116869
1478364069.74000001	1251.80982380149794
1478364077.98300004	1261.96652357168637
1478364081.51600003	1256.38199261952877
1478364084.59100008	1281.60920492390119
1478364089.60700011	1266.24242200002891
1478364135.5539999	1265.74539708951534
1478364164.23799992	1252.93248875779841
1478364170.0769999	1269.36454388130278
1478364172.20700002	1278.98736657771906
1478364229.34699988	1262.93562586320922
1478364255.33599997	1265.80787528657174
1478364268.43499994	1253.73697753047509
1478364276.56399989	1261.93172113162973
1478364283.73600006	1252.83475908172363
1478364302.71000004	1260.79299484524699
1478364303.73699999	1275.6099999999999
1478364375.97399998	1255.89593397580757
1478364378.09100008	1278.19496536972611
1478364395.5940001	1267.33789416382524
1478364405.11299992	1276.48643112070408
1478364408.43700004	1266.35263457047449
1478364423.32399988	1272.63523295761047
1478364427.98000002	1262.56602236252365
1478364493.57999992	1259.06917525454764
1478364495.63199997	1279.05424197237471
1478364510.30200005	1265.89157920705179
1478364517.602	1281.72074616612781
1478364519.72300005	1305.06212098389619
1478364523.56599998	1301.89169497456692
1478364525.67600012	1319.50731249976343
1478364529.31399989	1308.33828048942814
1478364532.5480001	1325.83589482448292
1478364541.53299999	1298.72528318803938
1478364556.80200005	1323.81295938483868
1478364565.68400002	1301.21314573380801
1478364576.02200007	1310.48220206897122
1478364581.9059999	1301.01058956821907
1478364592.81599998	1307.20512383091545
1478364597.01900005	1317.75413136257589
1478364602.01900005	1308.85888259719763
1478364605.34899998	1327.10300289231805
1478364610.29500008	1304.48097143032192
1478364641.06800008	1306.47377640528657
1478364684.11500001	1295.45779426989657
1478364718.31200004	1299.70839888851219
1478364730.44199991	1288.73083318758927
1478364765.73200011	1291.93754854891927
1478364790.95099998	1282.20655823436005
1478364801.72600007	1299.97281431840042
1478364815.51699996	1290.2361851041037
1478364840.70600009	1297.68805493509285
1478364843.73099995	1307.451186602804
1478364849.9289999	1302.85658602253989
1478364852.08100009	1315.1948563719609
1478364867.91599989	1315.53842806406283
1478364868.99900007	1324.79999999999995
1478364875.92600012	1300.10034856105312
1478364893.03699994	1315.79167698649098
1478364897.28600001	1315.39065420561792
1478364901.95799994	1300.84713746206057
1478364933.84100008	1324.50980417414166
1478364942.24699998	1314.05598410438597
1478364944.33999991	1304.01770157203555
1478364999.13100004	1304.31733060165061
1478365056.921	1295.74473585291548
1478365062.72799993	1315.10413422462034
1478365069.71399999	1313.77003816389038
1478365072.94300008	1324.41054404430065
1478365077.70700002	1312.16764719964385
1478365080.83800006	1300.06402135231588
1478365088.66400003	1307.53766175828855
1478365117.25999999	1300.84293456781052
1478365122.18499994	1315.83267015630531
1478365136.02999997	1320.69269281650099
1478365138.06100011	1300.07803621662742
1478365178.71300006	1305.70677253585723
1478365193.25300002	1326.86841998095952
1478365200.31200004	1297.22490475548784
1478365216.45000005	1306.89679508534005
1478365434.29200006	1258.15239171778694
1478365436.53299999	1269.73415211328802
1478365447.2579999	1292.78724328940098
1478365457.13199997	1279.43307911650527
1478365473.28399992	1286.04783837144282
1478365484.43899989	1274.53551786182743
1478365515.54399991	1280.97483472506747
1478365535.74399996	1268.85311873958426
1478365577.94300008	1275.89236262706368
1478365596.72000003	1265.97441652396901
1478365608.80200005	1275.94677883326062
1478365614.98600006	1264.60198964903361
1478365629.94099998	1275.69601045087438
1478365641.24499989	1264.52546131567374
1478365653.22799993	1272.95733628956259
1478365670.29500008	1265.36611767289605
1478365673.93799996	1272.76421181860383
1478365842.852	1262.54765943936582
1478365875.98099995	1271.87991694999823
1478365883.1400001	1263.56478812719411
1478365952.21600008	1271.9688930252612
1478365966.18199992	1264.24076414817978
1478366071.03500009	1272.31194527007983
1478366074.00099993	1285.34982730009665
1478366081.65199995	1282.18083894212828
1478366084.88800001	1301.97806283381692
1478366187.77900004	1303.24471553018043
1478366201.37899995	1313.97282728519099
1478366217.04099989	1301.48645459467593
1478366234.28200006	1312.51094619212404
1478366237.46499991	1304.22169893646787
1478366280.57200003	1311.89543661641324
1478366299.91700006	1303.131150423083
1478366313.07200003	1312.99472540036186
1478366336.89199996	1306.55049819064811
1478366545.30900002	1297.96784820449784
1478366574.63400006	1304.88925609819898
1478366584.82800007	1295.1524946728166
1478366597.72799993	1304.22337689790311
1478366601.56999993	1295.34027309247631
1478366718.4849999	1316.54070510031534
1478366772.4849999	1307.28468056474298
1478366778.30999994	1314.60641979306592
1478366794.24300003	1304.68996384130696
1478366800.68700004	1315.88681633554552
1478366841.58200002	1313.49703763923549
1478366855.85500002	1322.46390739184972
1478366871.55100012	1316.81904790538692
1478366880.91199994	1326.18461368303088
1478366936.12299991	1322.76600456737128
1478366941.24399996	1335.44946028688332
1478366945.0309999	1326.99259719934093
1478366985.52699995	1339.3683564563994
1478366996.64299989	1333.02726690311465
1478367003.46799994	1346.27890272544255
1478367021.93199992	1338.50735452343542
1478367108.87199998	1346.32156195554717
1478367137.08800006	1338.42568366334649
1478367144.81100011	1348.73405020462496
1478367153.29299998	1337.77194118118041
1478367192.84899998	1345.92396405442378
1478367356.5710001	1336.89319596545147
1478367499.36299992	1341.81652973259474
1478367751.3269999	1327.42863387901161
1478367761.68799996	1336.34151958677671
1478367778.70000005	1327.7119902546176
1478367813.0940001	1335.68064238316674
1478367849.94499993	1321.81109065534406
1478367860.2249999	1330.27089915146439
1478367876.8599999	1321.33988934021272
1478367890.82800007	1328.61106951561146
1478367931.04299998	1321.58701741021559
1478367957.34899998	1330.76976399017462
1478368000.6099999	1321.90247443768999
1478368007.18799996	1330.89953395293014
1478368217.54200006	1330.3569938531175
1478368270.46600008	1337.00334220836226
1478368334.75099993	1333.17531032520492
1478368340.78500009	1341.9619047584888
1478368346.88800001	1331.19591360781646
1478368386.21099997	1342.24592089838302
1478368396.23699999	1333.05667358158894
1478368429.82999992	1344.68019122192118
1478368515.8210001	1336.89117812171344
1478368535.56599998	1344.68985656277869
1478368570.73099995	1335.62084770405636
1478368630.85500002	1346.48114921941578
1478368636.93600011	1339.21936891583755
1478368684.08599997	1345.23896248726464
1478368687.3599999	1332.01114305705596
1478368701.11199999	1340.4942614776237
1478368817.5999999	1334.94478253609395
1478369230.61999989	1342.85012884918251
1478369269.67600012	1334.12552986137985
1478369281.55100012	1345.07081300495861
1478369291.78800011	1337.34878773305536
1478369349.88100004	1343.87507050181216
1478369353.97399998	1337.01350489040374
1478369425.23099995	1343.98409105757196
1478369573.66599989	1337.19586745468314
1478369594.66799998	1344.33369794116811
1478369599.89199996	1337.26720046560649
1478369764.54500008	1344.04006467575186
1478369773.55200005	1336.87008930909087
1478370422.0079999	1343.04039436637686
1478370437.29099989	1335.0444293266944
1478370454.25500011	1344.01832019011295
1478370517.47300005	1336.27709786027367
1478370709.45300007	1344.33252872364324
1478370800.68600011	1336.46447873448687
1478370870.73600006	1342.01704578883323
1478370913.00900006	1334.85679635045994
1478371303.80999994	1334.7086616654974
1478371727.37599993	1334.38246572311459
1478372408.13599992	1333.69019253311285
1478373304.88599992	1340.22703813760381
1478373570.51799989	1336.25780219704984
1478374027.36500001	1342.25976840895828
1478374670.4000001	1333.69635979249324
1478374677.05900002	1321.20549022601972
1478374702.7420001	1324.55648569767004
1478374708.32599998	1311.02864361262914
1478374720.41799998	1315.46836095752428
1478374724.6170001	1303.1252876929484
1478374739.29099989	1294.74963927360795
1478374742.27200007	1277.83456791490039
1478374843.91400003	1283.92077309922183
1478374869.15400004	1294.61002522550166
1478374913.04200006	1296.619473620598
1478374921.08899999	1309.13509820355375
1478374935.36899996	1297.95795977770626
1478374941.31100011	1317.88004939129041
1478374981.30599999	1313.40225302818317
1478375002.90100002	1326.84733624105797
1478375007.72000003	1318.32899454884978
1478375011.67499995	1333.24724874540652
1478375017.62599993	1328.95914498519392
1478375063.52999997	1334.53079325440035
1478375085.38100004	1325.58299258570196
1478375102.93099999	1334.44934433972594
1478375137.26799989	1323.12771574889189
1478375151.23600006	1331.22908654067328
1478375188.36400008	1324.1692218421656
1478375273.37400007	1330.12697884711838
1478375300.11599994	1318.21047921587615
1478375318.62199998	1324.58555798670136
1478375507.34699988	1326.5242280014802
1478375536.77900004	1329.39136298765811
1478375583.93300009	1323.80008124717142
1478375632.82999992	1330.44602264302216
1478375672.06900001	1321.1177982603358
1478375684.41499996	1329.8749469144966
1478375722.78800011	1320.21965087914441
1478375733.65100002	1329.81511957407724
1478375744.59899998	1318.66804942250815
1478375763.74900007	1332.02261241523524
1478375792.04699993	1322.15655539109844
1478375808.78299999	1330.92281019230336
1478375828.921	1321.74944552167517
1478375834.80100012	1335.44121799848153
1478375848.22099996	1324.74916202307872
1478376140.16599989	1328.9627808046132
1478376151.04399991	1318.68614606384585
1478376183.69700003	1328.19403031928482
1478376194.55599999	1319.22052606128887
1478376214.69499993	1327.22218737398498
1478376241.523	1318.66863155389319
1478376244.61599994	1326.96911777219088
1478376384.93199992	1316.65686305219833
1478376393.2249999	1324.87609514287419
1478376608.24900007	1321.00224660785034
1478376634.09100008	1329.37684910112694
1478376645.61599994	1320.67894554578811
1478376670.39599991	1329.14812775396649
1478376675.47399998	1319.03290231726442
1478376689.44199991	1327.42491565543423
1478376715.6400001	1318.68072003467955
1478376791.80200005	1330.73162444836112
1478376797.74499989	1321.69275206596512
1478376857.81699991	1329.28800146249068
1478376872.18899989	1319.56560559916011
1478376893.27999997	1327.26386117971288
1478376904.32599998	1315.66234167956509
1478376917.78200006	1328.49348484370012
1478376998.70300007	1319.80518827657738
1478377019.85800004	1328.6373025478656
1478377026.7190001	1317.58254307232778
1478377108.44400001	1328.72488254568316
1478377115.11100006	1318.61114315779446
1478377122.11500001	1330.08543517546286
1478377140.48099995	1321.06800193408026
1478377252.36999989	1326.06786803498949
1478377579.79699993	1327.77928613758718
1478377584.16199994	1336.98086175456956
1478377593.73399997	1330.18510514179502
1478377605.95000005	1336.72063380753798
1478377610.1559999	1329.57705934803448
1478377657.47799993	1338.2296159897594
1478377663.06100011	1327.6356911476837
1478377688.35100007	1336.83743308062412
1478377705.50200009	1331.65720628413715
1478377722.24000001	1339.61054119726009
1478377783.0309999	1330.70548559392842
1478377845.82599998	1339.54329562250587
1478377868.79900002	1330.11219809760564
1478377876.51600003	1341.51316880918034
1478377886.33800006	1330.81146188995444
1478377897.15100002	1342.21322151994514
1478377909.47799993	1330.39890824824579
1478377924.51600003	1341.98778141830144
1478377941.50600004	1330.99344515050711
1478377946.53299999	1338.63152918043897
1478378068.87899995	1334.03534482514192
1478378800.26300001	1371.54382874015778
1478378823.00099993	1273.97168272244016
1478378832.32800007	1287.37362455123184
1478378845.93600011	1280.10408380927834
1478378878.51699996	1288.21879707801804
1478378924.71399999	1277.34591062537243
1478379051.99399996	1287.52730600675932
1478379055.06299996	1280.53083454611033
1478379235.31399989	1290.77158398353231
1478379253.00200009	1283.52462862159337
1478380068.80200005	1273.67371139010584
1478380086.3499999	1263.24791757039952
1478380093.71099997	1272.81593567779032
1478380105.704	1261.30488834915195
1478380116.35800004	1270.43553228165388
1478380132.21499991	1260.22922954301748
1478380147.56699991	1271.71913153323885
1478380164.852	1263.46310793297835
1478380180.76300001	1270.86276898683832
1478380187.47000003	1265.38834394916762
1478380215.55500007	1271.38772143401184
1478380254.71099997	1259.28224437447329
1478380283.68799996	1267.91326542882484
1478380323.81100011	1259.52678275390258
1478380426.78500009	1267.00127119073591
1478380444.7019999	1257.56225466861565
1478380451.58500004	1267.75610540520893
1478380479.5480001	1259.35213141468421
1478380648.97600007	1266.90233973834302
1478380662.03200006	1259.0180466381205
1478380665.86199999	1267.05726424389104
1478380673.46700001	1258.28150040634887
1478380689.18099999	1266.28866136716124
1478380696.13400006	1256.93434711036139
1478380713.79399991	1266.79522024998414
1478380727.05299997	1257.76420573603582
1478380731.20300007	1238.60066811924253
1478380765.26600003	1240.34928452053828
1478380770.13800001	1216.28388334421743
1478380786.26300001	1226.57481144237477
1478380803.34899998	1218.46559348769779
1478380806.26099992	1203.58775543043453
1478380913.28500009	1193.49502400058714
1478380915.69499993	1174.96548702979908
1478380945.88499999	1179.49675418400489
1478380948.77900004	1157.68525244920602
1478380956.45000005	1167.01233371611579
1478380960.9000001	1159.10182224304594
1478380979.01600003	1158.60095189259596
1478380982.04699993	1141.40979861176629
1478381009.14299989	1143.7119899278614
1478381012.68300009	1122.65112223915821
1478381027.227	1132.44221199139315
1478381034.94899988	1120.89211521228754
1478381050.13400006	1124.10656711812339
1478381053.3670001	1101.79525443743341
1478381092.7809999	1101.6472564107878
1478381095.55100012	1080.04894019885387
1478381114.19499993	1089.49128807112015
1478381125.15499997	1079.47826789011174
1478381137.44099998	1061.26561561958192
1478381165.33899999	1061.89043013720925
1478381168.40700006	1042.62581191684149
1478381206.97799993	1042.17997871098441
1478381210.21700001	1020.29440655740643
1478381241.13700008	1024.61602876464394
1478381244.99499989	1001.0140352555544
1478381281.8670001	1005.29535648693707
1478381288.3269999	973.641076690871046
1478381315.10100007	980.273433992040736
1478381327.47000003	967.809547083708253
1478381377.15199995	969.153344532045026
1478381387.60599995	941.767674207480695
1478381421.84599996	942.544391163987598
1478381424.78399992	923.613337240118767
1478381457.15300012	923.238619282622949
1478381460.03999996	904.22528687026545
1478381493.84299994	909.14223397115336
1478381562.52800012	886.945407242837973
1478381591.31399989	894.833103593527085
1478381650.7579999	880.620187515778866
1478381695.66300011	888.126303561339228
1478381736.7809999	874.24566658238075
1478381977.25500011	858.856753636994881
1478381981.24799991	830.207188531699103
1478382000.86400008	831.669709891236607
1478382005.27999997	805.446196963095872
1478382025.86500001	802.908937873078457
1478382029.04500008	778.636445180667579
1478382052.91400003	773.617820640476907
1478382055.37400007	750.581529524353869
1478382083.56699991	739.383333389764971
1478382087.11500001	713.898374815013995
1478382118.88199997	702.984085517175913
1478382122.2809999	680.961478437437449
1478382149.26799989	674.11827038545016
1478382153.9690001	641.46712309379825
1478382294.40199995	607.99019760438398
1478382304.46799994	623.001279769545249
1478382513.89299989	611.006328167022275
1478382522.13800001	660.678664024594582
1478382542.33200002	687.698814469744093
1478382561.16100001	679.149567435906079
1478382701.95700002	700.074858795372847
1478382808.45700002	668.84112117319637
1478382843.71199989	686.650938599409301
1478382851.77699995	732.598036018140988
1478382866.6329999	736.551893332110126
1478382870.69400001	758.581133270909959
1478382882.70700002	762.123248502865295
1478382885.8269999	782.041462648592187
1478382897.88700008	786.035400747198537
1478382901.33400011	807.586315125982196
1478382914.89700007	813.33772956333064
1478382919.79500008	838.966177192570967
1478382934.16199994	842.937016031067174
1478382937.14299989	863.815691911036197
1478382950.14299989	869.747643782733462
1478382954.15100002	892.955188316194949
1478382968.11599994	898.258063635844678
1478382972.92799997	922.822925145607542
1478382996.34599996	935.667962572517922
1478383006.28999996	957.18556143978401
1478383045.22600007	968.007798395619488
1478383050.20799994	940.64228659806065
1478383439.44499993	939.088339671813287
1478383449.54299998	980.706852228194862
1478383455.78500009	984.101537639442995
1478383461.7579999	1010.07617076914698
1478383478.03800011	997.619712368239561
1478383637.35899997	1015.94123759568959
1478383698.7019999	1002.04009563112004
1478383761.92000008	1019.82716321773762
1478383826.76399994	1051.04241766013683
1478383878.25900006	1093.06579889761838
1478383929.84299994	1126.23648166134012
1478383962.67799997	1166.64013973639317
1478383994.07500005	1170.89577457127416
1478384000.94199991	1184.00005456897884
1478384047.88000011	1181.36869054329077
1478384072.44199991	1193.51933246210206
1478384601.98799992	1189.90319684881047
1478384606.80800009	1221.15010166086381
1478384625.28299999	1220.3084780848535
1478384627.77699995	1240.30787554293238
1478384646.90199995	1243.3247313150423
1478384650.91700006	1268.90053173984847
1478384668.75900006	1261.14082861736483
1478384677.83999991	1291.49358775282394
1478384692.89299989	1286.1306982628173
1478384695.98000002	1309.79876815064176
1478384716.67400002	1318.14983007520345
1478384720.32200003	1336.97809106848854
1478384736.48900008	1332.32706067072786
1478384741.26099992	1363.47770704850223
1478384760.20300007	1357.03395778223057
1478384766.1500001	1386.47170852615591
1478384784.5940001	1390.80668884464421
1478384788.36400008	1409.9859143764038
1478384883.42199993	1426.95097100419957
1478384969.96600008	1445.66506063742622
1478385081.01900005	1444.49773184743026
1478385112.83200002	1457.56394166821633
1478385228.47799993	1459.19456687315164
1478385230.63499999	1446.92141732652544
1478385276.06999993	1465.55374644970811
1478385325.66400003	1463.07253700662363
1478385333.36199999	1479.03607031724755
1478385351.74499989	1480.89789641503512
1478385375.40400004	1499.92016382039606
1478385386.31800008	1490.46792227841411
1478385520.50999999	1517.008764309144
1478385539.102	1510.70311685372417
1478386569.89599991	1632.21225080001773
1478386579.977	1623.2278933048201
1478386593.53800011	1634.95444084536757
1478386611.03500009	1627.4725907088964
1478386627.86100006	1638.90793444147948
1478386764.21300006	1639.98043328390668
1478386933.39299989	1669.26981960856369
1478386942.38499999	1661.12770753485916
1478387078.9690001	1683.44102747955685
1478387081.53399992	1672.07635361843518
1478387149.5250001	1679.68965297520162
1478387166.26600003	1577.2641118974077
1478387198.59299994	1592.95104281966815
1478387334.91799998	1577.29489324351789
1478387360.03999996	1589.7736719353245
1478387493.50600004	1597.42779631131521
1478387517.44199991	1607.79139932646672
1478387658.91000009	1605.46079030024543
1478387697.3499999	1617.85434878838373
1478387699.6559999	1603.88399569629587
1478387764.28500009	1614.09313882156562
1478387767.41700006	1600.91524297955084
1478387891.83999991	1612.33024959038039
1478388407.99799991	1564.47262585405133
1478388475.63899994	1574.40741558957757
1478388600.88100004	1568.1602484887112
1478388633.18000007	1580.2563069674909
1478388643.16000009	1570.98566798416141
1478388946.46600008	1601.01006979459294
1478388949.80800009	1589.46531837230987
1478389033.72000003	1605.65388455167385
1478389166.13499999	1604.82853733306342
1478389174.88700008	1595.05093626071744
1478389200.33800006	1602.38422937176392
1478389204.34500003	1591.20402211460555
1478389251.48399997	1604.73453853280193
1478389281.75399995	1589.42080029633507
1478389295.4749999	1600.6607613985359
1478389491.43199992	1606.98879842719407
1478389527.58699989	1618.63578469387517
1478389530.671	1602.73844964918976
1478389539.90499997	1605.96328444589403
1478389603.96099997	1603.81720669428501
1478389648.87400007	1618.03930290217681
1478389677.954	1610.2953224035964
1478389725.73099995	1617.66899178586004
1478389730.70700002	1607.30367992295851
1478389784.06500006	1618.26833038755422
1478389787.13000011	1607.03412897505109
1478389845.95900011	1615.11098239801822
1478390119.2809999	1604.22329315251704
1478390122.09299994	1581.43841994610875
1478390193.27099991	1578.07063333372525
1478390196.3499999	1553.70888893967117
1478390337.04099989	1549.89618904323561
1478390340.11299992	1528.4886507892495
1478390351.24600005	1530.1944110178863
1478390387.30699992	1518.30613335454609
1478390390.53699994	1508.08242322848946
1478390392.48900008	1522.73440939976263
1478390399.40899992	1516.30999999999995
