1478292034.81599998	3188.90999999999985
1478292232.58899999	3183
1478292245.58999991	3175.4699999999998
1478292258.75	3180.55000000000018
1478292273.91599989	3171.51999999999998
1478292293.79399991	3163.30000000000018
1478292304.8900001	3158.11999999999989
1478292306.89299989	3165.25
1478292307.875	3174.25
1478292396.06299996	3169.09000000000015
1478292405.27800012	3162.9699999999998
1478292417.67700005	3153.98000000000002
1478292432.38100004	3160.26000000000022
1478292454.19300008	3167.15000000000009
1478292470.86999989	3173.36999999999989
1478292482.48900008	3168.2800000000002
1478292487.84599996	3177.53999999999996
1478292502.67199993	3188.61999999999989
1478292525.83999991	3196.71000000000004
1478292526.87299991	3191.17000000000007
1478292528.14499998	3182.46000000000004
1478292529.15899992	3174.42999999999984
1478292557.84599996	3179.82999999999993
1478292874.10100007	3174.48999999999978
1478292895.1789999	3168.73000000000002
1478292897.16700006	3159.61000000000013
1478292898.30200005	3164.69000000000005
1478292905.6730001	3153.15999999999985
1478292906.38899994	3146.92999999999984
1478292907.47199988	3152.23000000000002
1478292938.54500008	3147.17000000000007
1478292991.81399989	3133.23999999999978
1478293018.78500009	3125.5300000000002
1478293019.9690001	3119.55000000000018
1478293021.91300011	3112.44999999999982
1478293027.75200009	3118.36999999999989
1478293073.84699988	3123.4699999999998
1478293122.98900008	3128.57999999999993
1478293184.16499996	3133.69999999999982
1478293282.66599989	3139.07999999999993
1478293477.59200001	3133.63000000000011
1478293478.51399994	3140.32000000000016
1478293569.92499995	3152.11999999999989
1478293571.10599995	3161.23000000000002
1478293573.05800009	3155.15000000000009
1478293603.16499996	3162.42999999999984
1478293622.8670001	3172.26999999999998
1478293678.40300012	3180.32000000000016
1478293866.94899988	3191.86999999999989
1478293868.9460001	3185.25
1478293880.01600003	3190.42999999999984
1478294053.76900005	3185.34999999999991
1478294062.81599998	3190.36999999999989
1478294705.42000008	3185.19999999999982
1478294723.796	3180.03999999999996
1478294731.68400002	3174.80000000000018
1478294751.64499998	3167.88000000000011
1478294780.727	3162.32999999999993
1478294789.74699998	3157.23000000000002
1478294795.92199993	3164.78999999999996
1478294797.09699988	3170.59999999999991
1478294804.84100008	3165.17999999999984
1478294814.88199997	3160.13999999999987
1478294822.03900003	3154.80000000000018
1478294823.87199998	3162.5
1478294825.05800009	3170.78999999999996
1478294828.85299993	3165.67000000000007
1478294842.05299997	3158.67000000000007
1478294856.33299994	3147.59999999999991
1478294858.08400011	3137.94999999999982
1478294859.06500006	3130.15000000000009
1478294863.8829999	3123.73000000000002
1478294864.86299992	3116.86999999999989
1478294868.86599994	3110.86000000000013
1478294868.9230001	3105.03999999999996
1478294870.10299993	3099.26999999999998
1478294873.11400008	3104.46000000000004
1478294873.88400006	3097.73000000000002
1478294874.03999996	3091.26999999999998
1478294875.16499996	3084.26999999999998
1478294876.18199992	3090.05999999999995
1478294881.25900006	3081.55999999999995
1478294882.28399992	3071.48999999999978
1478294884.18499994	3077.15000000000009
1478294890.27099991	3068.26000000000022
1478294894.22000003	3074.09000000000015
1478294897.28200006	3067.67000000000007
1478294904.2420001	3060.69000000000005
1478294916.38199997	3053.90000000000009
1478294919.49799991	3059.90000000000009
1478294931.47399998	3064.90999999999985
1478294943.39899993	3070.19000000000005
1478294964.36599994	3075.84999999999991
1478294978.69499993	3082
1478294992.81299996	3087.59000000000015
1478295007.90899992	3093.26000000000022
1478295027.80299997	3098.65999999999985
1478295049.19499993	3103.94000000000005
1478295067.04500008	3108.96000000000004
1478295091.39400005	3114.73999999999978
1478295131.23900008	3120.07000000000016
1478295137.36400008	3127.44999999999982
1478295142.227	3139.80999999999995
1478295147.15199995	3151.15000000000009
1478295148.23000002	3159.36999999999989
1478295150.16799998	3164.75
1478295155.13700008	3159.48999999999978
1478295190.37400007	3154.4699999999998
1478295233.59599996	3149.32000000000016
1478295272.56399989	3144.11000000000013
1478295294.87199998	3131.17000000000007
1478295295.95000005	3123.57000000000016
1478295305.92000008	3129.11000000000013
1478295341.90499997	3123.98999999999978
1478295361.21600008	3115.67999999999984
1478295377.43899989	3120.69000000000005
1478295472.47199988	3125.90000000000009
1478295609.9920001	3131.34999999999991
1478295623.28600001	3125.86999999999989
1478295639.40400004	3120.09000000000015
1478295673.60700011	3125.94000000000005
1478295709.55900002	3130.96000000000004
1478295892.273	3125.86000000000013
1478295905.17799997	3120.17000000000007
1478295914.28900003	3114.7800000000002
1478295920.2249999	3108.55999999999995
1478295926.46399999	3103.21000000000004
1478295936.34899998	3097.57000000000016
1478295949.29399991	3092.03999999999996
1478295969.50600004	3086.94000000000005
1478296026.648	3081.76000000000022
1478296098.19300008	3076.38000000000011
1478296103.06699991	3067.96000000000004
1478296104.07999992	3062.44999999999982
1478296104.24399996	3057.09000000000015
1478296105.20799994	3062.53999999999996
1478296126.29500008	3057.15999999999985
1478296129.102	3046.84000000000015
1478296130.18199992	3040.46000000000004
1478296138.26999998	3033.98999999999978
1478296139.09299994	3024.51999999999998
1478296140.11599994	3014.28999999999996
1478296141.04500008	3005.73000000000002
1478296144.421	3010.84999999999991
1478296152.46000004	3002.32000000000016
1478296162.398	3008.01999999999998
1478296169.30900002	3000.84000000000015
1478296169.46700001	2993.05999999999995
1478296170.5940001	2984.23000000000002
1478296171.51600003	2991.01999999999998
1478296178.6329999	2996.11000000000013
1478296188.4519999	3001.17999999999984
1478296206.43400002	3006.48000000000002
1478296221.63400006	3012.13000000000011
1478296241.66199994	3017.2199999999998
1478296257.67400002	3022.4699999999998
1478296274.75399995	3028.21000000000004
1478296299.77600002	3033.4699999999998
1478296329.91899991	3038.48999999999978
1478296361.34500003	3043.55000000000018
1478296366.21499991	3052.51999999999998
1478296366.37299991	3059.07999999999993
1478296367.28999996	3065.13999999999987
1478296370.31299996	3072.13000000000011
1478296382.0150001	3066.82000000000016
1478296454.34899998	3061.51000000000022
1478296634.18099999	3072.63000000000011
1478296649.10800004	3067.23999999999978
1478296671.26900005	3074.98999999999978
1478296672.45000005	3080
1478296676.28900003	3074.7199999999998
1478296699.82500005	3085.42000000000007
1478296705.5710001	3080.34000000000015
1478296726.66300011	3090.44000000000005
1478296732.65100002	3085.32000000000016
1478296752.94700003	3090.94000000000005
1478296753.10599995	3096.05000000000018
1478296759.70900011	3090.86000000000013
1478296768.80900002	3100.65999999999985
1478296776.83899999	3095.36999999999989
1478296789.07299995	3105.7800000000002
1478296793.85400009	3099.94000000000005
1478296802.8039999	3088.21000000000004
1478296808.8900001	3093.36999999999989
1478296812.96700001	3085.28999999999996
1478296814.148	3077.88000000000011
1478296814.91899991	3071.09999999999991
1478296818.22799993	3076.15000000000009
1478296821.148	3086.34999999999991
1478296826.99799991	3080.44999999999982
1478296833.96000004	3087.82000000000016
1478296834.21199989	3092.98999999999978
1478296834.93400002	3086.55000000000018
1478296835.08500004	3080.19000000000005
1478296836.25200009	3074.26999999999998
1478296836.40899992	3068.17999999999984
1478296839.12299991	3073.57999999999993
1478296928.46000004	3079.17999999999984
1478296960.49799991	3084.28999999999996
1478296982.48699999	3089.36999999999989
1478296984.63199997	3096.19999999999982
1478296988.61299992	3090.57000000000016
1478296990.40199995	3097.63000000000011
1478296990.7190001	3104.19999999999982
1478296995.97900009	3099.11000000000013
1478297093.53800011	3104.5
1478297094.3499999	3110.21000000000004
1478297094.65899992	3115.63000000000011
1478297109.05999994	3122.23000000000002
1478297122.18199992	3128.88999999999987
1478297136.30800009	3136.65000000000009
1478297141	3131.26000000000022
1478297232.68799996	3137.19000000000005
1478297266.03299999	3145.80999999999995
1478297267.8829999	3140.57000000000016
1478297283.87299991	3147.26999999999998
1478297284.0710001	3153.30000000000018
1478297285.86400008	3147.9699999999998
1478297312.75699997	3154.13000000000011
1478297334.94400001	3159.84999999999991
1478297335.14400005	3165.46000000000004
1478297339.73600006	3160.44999999999982
1478297355.33400011	3168.98999999999978
1478297465.6960001	3176.90999999999985
1478297474.70799994	3182.53999999999996
1478297860.16199994	3177.51999999999998
1478298084.08699989	3182.63000000000011
1478298367.42199993	3188.65999999999985
1478298408.5999999	3183.57000000000016
1478298431.72399998	3188.67999999999984
1478298553.10100007	3195.48000000000002
1478298558.31699991	3190.42999999999984
1478298586.20300007	3195.71000000000004
1478298681.69099998	3200.86000000000013
1478298759.00699997	3206.01000000000022
1478298856.32800007	3212.2199999999998
1478298858.29399991	3207.05999999999995
1478298937.75200009	3213.34999999999991
1478299018.98799992	3218.5300000000002
1478299019.14700007	3223.7199999999998
1478299029.18799996	3231.01000000000022
1478299030.11100006	3220.96000000000004
1478299031.28600001	3212.25
1478299032.90300012	3202.32999999999993
1478299049.73200011	3207.61000000000013
1478299079.23799992	3215.17999999999984
1478299089.48200011	3220.30000000000018
1478299096.0309999	3225.76000000000022
1478299105.96700001	3218.98999999999978
1478299107.35599995	3210.36000000000013
1478299145.47000003	3203.88000000000011
1478299202.31500006	3194.75
1478299202.62199998	3189.55000000000018
1478299206.51900005	3194.59999999999991
1478299422.97799993	3187.76999999999998
1478299423.89700007	3181.13000000000011
1478299427.35400009	3172.2800000000002
1478299427.80999994	3165.78999999999996
1478299432.17700005	3159.5300000000002
1478299433.49600005	3153.09000000000015
1478299436.58400011	3144.11999999999989
1478299438.01799989	3134.76000000000022
1478299438.83699989	3127.9699999999998
1478299439.90899992	3133.51999999999998
1478299441.79099989	3125.63000000000011
1478299442.68799996	3118.19999999999982
1478299442.94499993	3112.51999999999998
1478299444.74000001	3119.07000000000016
1478299451.55599999	3124.15000000000009
1478299470.602	3129.19999999999982
1478299485.88700008	3135.11999999999989
1478299516.64700007	3140.65999999999985
1478299549.63599992	3145.69999999999982
1478299574.21799994	3152.19999999999982
1478299679.51200008	3158.17000000000007
1478299679.7190001	3165.2199999999998
1478299681.81699991	3179.38999999999987
1478299682.84500003	3185.30999999999995
1478299684.50500011	3179.42000000000007
1478299687.67000008	3187.44999999999982
1478299687.9749999	3195.25
1478299692.99799991	3206.96000000000004
1478299693.921	3211.98000000000002
1478299697.05200005	3220.09000000000015
1478299697.82399988	3225.69000000000005
1478299700.55699992	3218.32000000000016
1478299702.69700003	3225.94000000000005
1478299703.77200007	3232.5
1478299704.7980001	3227.21000000000004
1478299705.77099991	3215.23999999999978
1478299706.96000004	3207.65999999999985
1478299730.77600002	3200.86999999999989
1478299756.4230001	3195.65000000000009
1478299776.55699992	3190.13000000000011
1478299802.92000008	3184.76999999999998
1478299858.23399997	3178.80000000000018
1478300121.37599993	3183.88000000000011
1478300128.47600007	3178.84000000000015
1478300189.83200002	3170.30000000000018
1478300190.78999996	3163.42999999999984
1478300194.37899995	3168.80000000000018
1478300216.8829999	3159.17999999999984
1478300217.86199999	3151.2199999999998
1478300218.74099994	3145.03999999999996
1478300233.69700003	3150.2800000000002
1478300234.51999998	3143.78999999999996
1478300235.04099989	3136.71000000000004
1478300241.84599996	3142.32000000000016
1478300383.29299998	3137.28999999999996
1478300441.74799991	3126.88999999999987
1478300442.0079999	3120.65000000000009
1478300447.352	3112.61999999999989
1478300447.71499991	3106.80000000000018
1478300448.90499997	3099.23999999999978
1478300451.7249999	3105.13000000000011
1478300476.02699995	3110.21000000000004
1478300512.21799994	3102
1478300525.625	3107.13000000000011
1478300557.1500001	3112.30000000000018
1478300600.31299996	3117.67000000000007
1478300678.602	3123.34999999999991
1478300702.704	3133.82999999999993
1478300703.72799993	3140.63000000000011
1478300704.03299999	3146
1478300707.36800003	3140.76999999999998
1478300708.7420001	3151.73000000000002
1478300709.51600003	3157.09000000000015
1478300715.55900002	3166.96000000000004
1478300716.023	3172.15000000000009
1478300720.48300004	3177.94000000000005
1478300721.65700006	3187.76000000000022
1478300722.78399992	3195.26000000000022
1478300727.87400007	3203.82999999999993
1478300728.89299989	3213.26999999999998
1478300729.81599998	3207.63000000000011
1478300739.89299989	3202.34999999999991
1478300754.84899998	3196.78999999999996
1478300773.30999994	3190.17000000000007
1478300788.35899997	3184.63000000000011
1478300808.3039999	3179.44999999999982
1478300824.16799998	3174.07999999999993
1478300832.27399993	3167.98000000000002
1478300832.87899995	3162.28999999999996
1478300834.31699991	3152.53999999999996
1478300838.40700006	3158.09999999999991
1478300844.09800005	3152.59000000000015
1478300850.2019999	3146.57000000000016
1478300850.40499997	3141.44999999999982
1478300851.28399992	3132.5300000000002
1478300854.14499998	3137.67000000000007
1478300880.74399996	3131.19999999999982
1478300881.66799998	3125.05000000000018
1478300882.53500009	3115.67999999999984
1478300886.54699993	3120.86999999999989
1478300975.704	3126.01999999999998
1478300995.75600004	3131.55000000000018
1478301057.25300002	3136.59999999999991
1478301098.45300007	3131.19000000000005
1478301111.29699993	3126.15000000000009
1478301120.50099993	3120.2800000000002
1478301136.63599992	3115.01000000000022
1478301168.43700004	3109.21000000000004
1478301227.48799992	3114.36000000000013
1478301236.75600004	3121.42999999999984
1478301250.99000001	3126.4699999999998
1478301281.32999992	3132.25
1478301384.68300009	3137.30000000000018
1478301573.398	3147.40999999999985
1478301574.22399998	3157.88000000000011
1478301576.97799993	3152.48000000000002
1478301594.22399998	3147.34000000000015
1478301596.26399994	3156.2800000000002
1478301597.54900002	3169.86999999999989
1478301600.93099999	3163.84999999999991
1478301624.45300007	3172.88000000000011
1478301625.73200011	3180.59000000000015
1478301626.28600001	3187.34999999999991
1478301630.37199998	3181.32000000000016
1478301660.56999993	3189.11000000000013
1478301782.0480001	3194.36000000000013
1478302224.08400011	3200.5300000000002
1478302231.87100005	3195.09999999999991
1478303833.12599993	3200.67000000000007
1478303834.66799998	3195.48000000000002
1478303988.85899997	3200.84000000000015
1478305137.29399991	3195.80999999999995
1478305711.30699992	3190.76000000000022
1478305792.86199999	3196.42999999999984
1478305817.73099995	3190.73000000000002
1478306054.42000008	3195.78999999999996
1478306128.61100006	3190.55999999999995
1478306142.23099995	3195.86000000000013
1478306150.6730001	3190.73999999999978
1478306193.32599998	3196
1478306217.57599998	3190.01999999999998
1478306235.00999999	3195.38999999999987
1478309835.20600009	3189.73999999999978
1478309868.69700003	3194.82999999999993
1478313242.71600008	3188.69999999999982
1478313252.27099991	3193.82000000000016
1478313574.10700011	3188.5300000000002
1478313670.80699992	3193.69999999999982
1478313808.99399996	3188.69000000000005
1478313814.02699995	3194.19999999999982
1478313816.20300007	3189.17999999999984
1478313831.26999998	3195.44999999999982
1478313834.0710001	3201.07000000000016
1478313838.72799993	3196
1478314096.38599992	3190.82000000000016
1478314098.1170001	3196.19000000000005
1478314819.92700005	3190.80999999999995
1478314828.16100001	3196.07999999999993
1478314852.02699995	3190.90000000000009
1478314874.2420001	3195.94999999999982
1478315170.55200005	3202.94999999999982
1478315173.46700001	3197.94000000000005
1478315306.97099996	3192.30999999999995
1478315446.7190001	3187.26000000000022
1478315451.78900003	3195.65999999999985
1478315484.9920001	3190.65000000000009
1478315527.78999996	3195.73999999999978
1478315750.79099989	3189.80999999999995
1478315754.94400001	3195.94000000000005
1478315837.57999992	3190.28999999999996
1478315849.18499994	3195.59000000000015
1478316062.94499993	3190.32000000000016
1478316069.2750001	3195.61999999999989
1478316714.61599994	3201.09999999999991
1478316761.9849999	3195.7800000000002
1478316821.54099989	3201.15999999999985
1478316949.04099989	3195.88999999999987
1478317100.33100009	3202.2800000000002
1478317112.26300001	3196.84000000000015
1478317956.56399989	3202.5300000000002
1478317959.44400001	3197.44999999999982
1478318265.94899988	3202.67000000000007
1478318268.91700006	3196.98999999999978
1478318512.98200011	3202.65000000000009
1478318519.79200006	3197.21000000000004
1478318699.6329999	3202.40000000000009
1478318744.85700011	3197.32999999999993
1478318941.66000009	3203.17999999999984
1478318956.84200001	3197.90999999999985
1478319216.81800008	3204.30000000000018
1478319221.73200011	3198.32000000000016
1478319510.95600009	3203.46000000000004
1478319511.83200002	3198.25
1478320090.34599996	3203.2800000000002
1478320092.40300012	3198.19999999999982
1478321407.61899996	3193.09000000000015
1478321433.66899991	3198.44999999999982
1478321464.6730001	3193.01999999999998
1478321576.329	3198.09999999999991
1478322018.06399989	3203.65999999999985
1478322024.26300001	3195.67999999999984
1478322043.05299997	3201.03999999999996
1478322071.28699994	3190.94000000000005
1478322075.04299998	3196.40000000000009
1478322379.4749999	3201.53999999999996
1478322535.204	3196.48999999999978
1478322536.2349999	3191.34999999999991
1478322544.01699996	3196.92999999999984
1478322590.31800008	3202.09999999999991
1478322696.79699993	3196.7199999999998
1478328673.10400009	3201.82999999999993
1478329322.69000006	3196.76000000000022
1478329370.34200001	3203.32999999999993
1478329373.59800005	3197.42000000000007
1478329824.57800007	3202.90000000000009
1478329844.523	3197.78999999999996
1478331928.82200003	3203.17999999999984
1478331946.26099992	3198.09999999999991
1478333820.28999996	3193.09000000000015
1478334473.50600004	3201.17999999999984
1478334478.88400006	3196.07999999999993
1478334629.32299995	3201.51999999999998
1478334629.9230001	3206.84999999999991
1478334642.1500001	3200.55000000000018
1478334656.44199991	3205.90000000000009
1478334665.7019999	3200.38999999999987
1478334766.7980001	3205.5300000000002
1478335495.51600003	3200.40000000000009
1478335499.91599989	3205.51999999999998
1478336706.97199988	3200.19000000000005
1478336961.45499992	3205.94000000000005
1478336968.27600002	3200.51999999999998
1478337279.02399993	3205.65000000000009
1478337280.25099993	3200.17999999999984
1478337349.5999999	3205.26000000000022
1478337362.51799989	3200.05999999999995
1478337472.15700006	3205.13000000000011
1478337550.37899995	3199.73000000000002
1478337555.49399996	3204.90000000000009
1478338096.74600005	3199.69999999999982
1478338115.58200002	3204.73000000000002
1478338370.28600001	3199.63000000000011
1478338371.78200006	3204.65999999999985
1478338442.91799998	3198.76000000000022
1478338522.29200006	3204.40999999999985
1478338523.15799999	3198.7199999999998
1478338613.3440001	3203.90999999999985
1478339283.43199992	3198.80999999999995
1478339297.92700005	3203.86000000000013
1478339395.58500004	3198.69999999999982
1478339400.59699988	3203.98999999999978
1478339409.64599991	3198
1478339411.32800007	3203.32000000000016
1478339589.6960001	3197.98000000000002
1478340108.42000008	3203.5300000000002
1478340109.43700004	3198.11000000000013
1478341187.01999998	3192.94000000000005
1478341188.00699997	3198.7199999999998
1478341348.5	3191.42999999999984
1478341349.37299991	3198.34999999999991
1478341591.57999992	3193.07000000000016
1478341610.70900011	3198.21000000000004
1478341793.54399991	3192.40999999999985
1478341801.33699989	3197.57999999999993
1478341873.73000002	3192.13000000000011
1478341916.43300009	3197.2199999999998
1478342157.83400011	3191.67000000000007
1478342182.76999998	3196.75
1478342713.8499999	3191.17999999999984
1478342719.2349999	3196.32999999999993
1478342888.68799996	3191.23000000000002
1478342905.81100011	3196.51999999999998
1478342908.97900009	3190.96000000000004
1478342911.75099993	3196.30000000000018
1478342931.91899991	3190.65999999999985
1478342936.05699992	3196.0300000000002
1478343060.56200004	3190.88000000000011
1478343123.68400002	3195.98000000000002
1478343166.65799999	3190.90999999999985
1478343209.07299995	3196.05000000000018
1478343210.31599998	3201.61000000000013
1478343232.06900001	3196.13999999999987
1478343242.21000004	3201.94000000000005
1478346072.53200006	3196.55999999999995
1478346172.88400006	3201.57999999999993
1478346354.5710001	3196.51000000000022
1478346369.08800006	3202.38000000000011
1478346377.69799995	3196.78999999999996
1478346387.97799993	3202.48999999999978
1478346457.27200007	3196.88999999999987
1478346490.06599998	3202.84999999999991
1478346496.40400004	3197.51999999999998
1478347329.75200009	3192.44999999999982
1478347348.66100001	3197.69999999999982
1478347388.90799999	3192.13999999999987
1478347390.89700007	3197.23999999999978
1478347447.102	3191.98999999999978
1478347531.4920001	3197.55999999999995
1478347536.50300002	3192.07000000000016
1478347738.43799996	3197.44999999999982
1478347762.48399997	3190
1478347764.42000008	3195.67999999999984
1478348101.579	3190.28999999999996
1478348125.82800007	3196.05999999999995
1478348281.4460001	3191.05000000000018
1478348740.35299993	3196.7800000000002
1478348744.48799992	3191.4699999999998
1478349089.73300004	3197.2199999999998
1478349374.86800003	3192.15999999999985
1478349390.00600004	3197.30000000000018
1478349705.97199988	3192.07999999999993
1478349758.602	3197.34999999999991
1478349759.58100009	3191.19000000000005
1478349777.73000002	3196.84999999999991
1478351189.22300005	3191.03999999999996
1478351190.18700004	3200.84000000000015
1478351191.31900001	3195.80000000000018
1478351434.12299991	3200.92999999999984
1478351476.352	3207.07000000000016
1478351504.6789999	3201.38999999999987
1478351610.17799997	3196.26000000000022
1478352343.07500005	3191.07999999999993
1478352345.88400006	3196.09999999999991
1478353532.01200008	3190.7800000000002
1478353548.77699995	3195.90999999999985
1478353559.89400005	3190.84000000000015
1478353568.546	3196.03999999999996
1478353631.12899995	3190.57000000000016
1478353706.90499997	3195.73999999999978
1478353758.79999995	3190.61999999999989
1478354431.39599991	3195.92000000000007
1478354437.37400007	3190.88999999999987
1478354781.13700008	3196.11000000000013
1478355171.17600012	3191.01000000000022
1478355556.95700002	3196.32000000000016
1478355581.02800012	3191.30999999999995
1478356526.08999991	3196.44000000000005
1478356557.57200003	3191.40000000000009
1478356663.88199997	3196.67000000000007
1478357538.23000002	3191.11999999999989
1478357556.02699995	3196.38000000000011
1478357637.91300011	3191.26000000000022
1478357727.54399991	3196.40999999999985
1478358307.38499999	3204.23000000000002
1478358308.5150001	3211.80999999999995
1478358320.52699995	3206.76999999999998
1478358359.75	3212.03999999999996
1478358391.18499994	3206.86000000000013
1478358399.5150001	3213.84999999999991
1478358400.8440001	3219.42999999999984
1478358503.25999999	3224.59000000000015
1478358523.43700004	3233.09999999999991
1478358527.3900001	3227.34000000000015
1478358576.12100005	3236.90000000000009
1478358617.91899991	3243.88999999999987
1478358656.30500007	3248.96000000000004
1478358657.125	3254
1478358674.98900008	3248.55999999999995
1478358692.97199988	3254.9699999999998
1478358752.2650001	3260.59999999999991
1478358760.03699994	3254.19999999999982
1478358761.68199992	3247.76999999999998
1478358768.05999994	3242.40999999999985
1478358780.05699992	3235.28999999999996
1478358792.43099999	3229.80999999999995
1478358794.73099995	3224.78999999999996
1478358798.23200011	3229.88000000000011
1478358818.64499998	3223.59000000000015
1478358819.67700005	3218.40999999999985
1478358830.477	3211.86000000000013
1478358835.48600006	3204.34000000000015
1478358837.73300004	3195.75
1478358859.7579999	3200.82000000000016
1478358891.2579999	3194.59999999999991
1478359222.51300001	3189.26999999999998
1478359256.73099995	3195.57999999999993
1478359269.2249999	3190.25
1478360793.37199998	3198.21000000000004
1478360800.72799993	3192.34000000000015
1478361459.69799995	3180.75
1478361460.27399993	3167.59999999999991
1478361460.72199988	3028.55000000000018
1478361461.39400005	2770.40000000000009
1478361461.94700003	2253.76999999999998
1478361462.35899997	1811.88000000000011
1478361462.87299991	1693.07999999999993
1478361463.38899994	1665.69000000000005
1478361464.36400008	1805.46000000000004
1478361464.96000004	1825.53999999999996
1478361465.43199992	1843.16000000000008
1478361466.0940001	1856.76999999999998
1478361466.25200009	1867.53999999999996
1478361467.22799993	1877.68000000000006
1478361469.3269999	1869.47000000000003
1478361470.24699998	1863.6400000000001
1478361470.40199995	1858.52999999999997
1478361471.2809999	1850.8900000000001
1478361471.48699999	1842.17000000000007
1478361472.30100012	1833.97000000000003
1478361473.42499995	1814.25999999999999
1478361474.00099993	1808.8900000000001
1478361474.51600003	1803.53999999999996
1478361475.09100008	1794.83999999999992
1478361475.30100012	1786.96000000000004
1478361476.37800002	1777.09999999999991
1478361477.2420001	1770.44000000000005
1478361477.50099993	1763.07999999999993
1478361478.11400008	1757.6099999999999
1478361478.3210001	1749.72000000000003
1478361479.23399997	1743.75
1478361479.43899989	1737.99000000000001
1478361480.20799994	1730.94000000000005
1478361480.46000004	1722.55999999999995
1478361481.32200003	1713.90000000000009
1478361481.5250001	1704.52999999999997
1478361482.38899994	1696.29999999999995
1478361482.69400001	1688.74000000000001
1478361483.30599999	1681.22000000000003
1478361483.6099999	1673.69000000000005
1478361484.3210001	1663.93000000000006
1478361484.62299991	1655.83999999999992
1478361485.09500003	1648.63000000000011
1478361485.80699992	1640.5
1478361486.17700005	1632.80999999999995
1478361486.48000002	1626.72000000000003
1478361487.15400004	1620.67000000000007
1478361487.45900011	1614.25
1478361488.27699995	1606.44000000000005
1478361488.53500009	1597.24000000000001
1478361489.20000005	1589.01999999999998
1478361489.40899992	1581.94000000000005
1478361490.227	1575.88000000000011
1478361490.38700008	1569.83999999999992
1478361491.29999995	1563.33999999999992
1478361491.44400001	1556.8599999999999
1478361492.07999992	1549.24000000000001
1478361492.49600005	1541.71000000000004
1478361493.05699992	1534.17000000000007
1478361493.477	1526.6099999999999
1478361494.28800011	1519.08999999999992
1478361494.4460001	1511.57999999999993
1478361495.2650001	1503.5
1478361495.47399998	1496.02999999999997
1478361496.28800011	1488.09999999999991
1478361496.45300007	1479.58999999999992
1478361497.41499996	1471.55999999999995
1478361497.62299991	1463.68000000000006
1478361498.45799994	1455.47000000000003
1478361498.65799999	1447.19000000000005
1478361499.32299995	1438.42000000000007
1478361499.47900009	1430.20000000000005
1478361500.34899998	1422.01999999999998
1478361500.55699992	1413.54999999999995
1478361501.38400006	1404.88000000000011
1478361501.58800006	1396.53999999999996
1478361502.3599999	1389.01999999999998
1478361502.56299996	1381.3900000000001
1478361503.37800002	1372.92000000000007
1478361503.63700008	1364.96000000000004
1478361504.5	1357.1099999999999
1478361504.80599999	1348.43000000000006
1478361505.42499995	1339.75999999999999
1478361505.73099995	1332.54999999999995
1478361506.33699989	1325.69000000000005
1478361506.5940001	1319.20000000000005
1478361507.14299989	1312.67000000000007
1478361507.75399995	1305.59999999999991
1478361508.3670001	1298.93000000000006
1478361508.62199998	1291.26999999999998
1478361509.1960001	1284.44000000000005
1478361509.8039999	1277.77999999999997
1478361510.62400007	1271.19000000000005
1478361512.32200003	1264.56999999999994
1478361513.65300012	1257.65000000000009
1478361514.73000002	1251.68000000000006
1478361518.16700006	1246.33999999999992
1478361522.22600007	1251.3599999999999
1478361525.56599998	1257.22000000000003
1478361529.49099994	1262.53999999999996
1478361531.54399991	1269.27999999999997
1478361537.38700008	1263.00999999999999
1478361541.773	1257.69000000000005
1478361546.75500011	1252.20000000000005
1478361549.74699998	1257.8900000000001
1478361551.83400011	1264.27999999999997
1478361555.33100009	1259.20000000000005
1478361557.53299999	1254.06999999999994
1478361560.6500001	1259.83999999999992
1478361562.796	1266.55999999999995
1478361564.53600001	1258.92000000000007
1478361566.54299998	1253.83999999999992
1478361569.9849999	1260.30999999999995
1478361570.95600009	1265.66000000000008
1478361573.4230001	1259.20000000000005
1478361575.83200002	1254.18000000000006
1478361578.25	1261.23000000000002
1478361579.37199998	1267.41000000000008
1478361583.579	1262.19000000000005
1478361585.93499994	1256.75
1478361589.62599993	1262.42000000000007
1478361590.64599991	1268.42000000000007
1478361593.00699997	1262.68000000000006
1478361596.89599991	1256.83999999999992
1478361598.9000001	1251.47000000000003
1478361600.06900001	1259.80999999999995
1478361601.03699994	1269.41000000000008
1478361602.0150001	1275.02999999999997
1478361603.68700004	1268.58999999999992
1478361606.88000011	1263.06999999999994
1478361610.84500003	1257.1400000000001
1478361614.11199999	1264.21000000000004
1478361615.04299998	1271.29999999999995
1478361616.023	1279.09999999999991
1478361617.51799989	1273.03999999999996
1478361619.46399999	1265.93000000000006
1478361626.57200003	1260.53999999999996
1478361634.46499991	1266.93000000000006
1478361657.6559999	1261.25999999999999
1478361692.52399993	1255.49000000000001
1478361694.93300009	1262.8900000000001
1478361696.11599994	1270.09999999999991
1478361719.25399995	1264.66000000000008
1478361744.37299991	1259.1400000000001
1478361761.55900002	1264.59999999999991
1478361763.39700007	1270.8900000000001
1478361790.57500005	1265.66000000000008
1478361831.4519999	1260.27999999999997
1478361853.8829999	1255.22000000000003
1478361855.82500005	1262
1478361857.05200005	1267.93000000000006
1478361873.28900003	1262.69000000000005
1478361882.27699995	1257.28999999999996
1478361893.17799997	1263.96000000000004
1478361894.90400004	1269.5
1478361901.74399996	1264.47000000000003
1478361915.19899988	1259.40000000000009
1478361931.67700005	1264.46000000000004
1478361932.8039999	1270.23000000000002
1478361966.45300007	1265.08999999999992
1478362019.47099996	1259.04999999999995
1478362043.67700005	1265.53999999999996
1478362046.63899994	1273.26999999999998
1478362059.64700007	1267.44000000000005
1478362089.78600001	1261.75
1478362107.85800004	1255.45000000000005
1478362110.00699997	1263.66000000000008
1478362112.16700006	1269.84999999999991
1478362146.75399995	1264.58999999999992
1478362175.04999995	1259.53999999999996
1478362192.48200011	1264.70000000000005
1478362226.92799997	1259.68000000000006
1478362264.4849999	1254.1099999999999
1478362266.17400002	1259.86999999999989
1478362267.98200011	1264.97000000000003
1478362269.56299996	1270.86999999999989
1478362280.00699997	1265.8599999999999
1478362300.72000003	1260.3900000000001
1478362323.73200011	1254.90000000000009
1478362325.97300005	1260.44000000000005
1478362327.93199992	1266.93000000000006
1478362356.3210001	1260.81999999999994
1478362391.87599993	1255.29999999999995
1478362396.79900002	1260.57999999999993
1478362398.023	1265.6099999999999
1478362433.95499992	1260.27999999999997
1478362466.90799999	1267.3900000000001
1478362468.08800006	1272.84999999999991
1478362470.76600003	1266.48000000000002
1478362485.90700006	1260.67000000000007
1478362508.25099993	1255.65000000000009
1478362512.23900008	1262.19000000000005
1478362512.39599991	1267.75999999999999
1478362513.71799994	1273.30999999999995
1478362515.3599999	1267.46000000000004
1478362535.42799997	1262.28999999999996
1478362565.66599989	1256.86999999999989
1478362581.80999994	1265.00999999999999
1478362582.98200011	1273.8900000000001
1478362583.85800004	1280.25
1478362585.44499993	1274.51999999999998
1478362590.3269999	1269.25
1478362604.82500005	1263.96000000000004
1478362626.77699995	1258.32999999999993
1478362637.98900008	1266.21000000000004
1478362638.977	1274.27999999999997
1478362640.2019999	1281.40000000000009
1478362641.54299998	1275.33999999999992
1478362653.00900006	1270.18000000000006
1478362678.18600011	1264.84999999999991
1478362699.88100004	1259.48000000000002
1478362744.58400011	1266.13000000000011
1478362745.56100011	1275.57999999999993
1478362746.523	1281.61999999999989
1478362748.4289999	1275.55999999999995
1478362756.46399999	1269.83999999999992
1478362772.27900004	1264.6099999999999
1478362791.65100002	1258.31999999999994
1478362805.37599993	1264.26999999999998
1478362805.89199996	1270.21000000000004
1478362817.9059999	1264.95000000000005
1478362846.727	1259.75999999999999
1478362868.82999992	1269.28999999999996
1478362869.90700006	1275.73000000000002
1478362871.99799991	1269.03999999999996
1478362892.99499989	1263.76999999999998
1478362935.10700011	1257.06999999999994
1478362941.477	1264.72000000000003
1478362941.98799992	1270.25999999999999
1478362943.38899994	1278.8599999999999
1478362947.9519999	1272.76999999999998
1478362961.30299997	1266.44000000000005
1478362987.44700003	1260.97000000000003
1478363024.70300007	1255.66000000000008
1478363027.00200009	1265.40000000000009
1478363027.87199998	1274.16000000000008
1478363030.44700003	1268.77999999999997
1478363050.45099998	1262.91000000000008
1478363074.648	1257.27999999999997
1478363089.09100008	1263.1400000000001
1478363090.10500002	1269.90000000000009
1478363095.68400002	1264.84999999999991
1478363116.76699996	1259.73000000000002
1478363148.33299994	1265.92000000000007
1478363149.25	1274.33999999999992
1478363151.33400011	1269.29999999999995
1478363162.15499997	1264
1478363191.0150001	1258.20000000000005
1478363218.26300001	1266.67000000000007
1478363218.47000003	1272.24000000000001
1478363224.30599999	1267.21000000000004
1478363248.35899997	1260.73000000000002
1478363282.36299992	1255.68000000000006
1478363287.37400007	1265.96000000000004
1478363288.55200005	1274.13000000000011
1478363289.625	1281.52999999999997
1478363290.71000004	1276.46000000000004
1478363296.53800011	1271.02999999999997
1478363313.73300004	1265.66000000000008
1478363347.80900002	1259.97000000000003
1478363369.51200008	1254.96000000000004
1478363370.78200006	1262.58999999999992
1478363372.05800009	1270.51999999999998
1478363372.88199997	1278.04999999999995
1478363376.125	1271.80999999999995
1478363402.53500009	1266.71000000000004
1478363438.17700005	1261.36999999999989
1478363461.77399993	1256.33999999999992
1478363467.05599999	1267.23000000000002
1478363468.24399996	1273.80999999999995
1478363473.15400004	1268.41000000000008
1478363503.04699993	1262.75
1478363545.36999989	1257.36999999999989
1478363551.77200007	1264.90000000000009
1478363552.24000001	1269.91000000000008
1478363574.66300011	1264.46000000000004
1478363590.8440001	1258.94000000000005
1478363612.1960001	1265.68000000000006
1478363613.1559999	1273.67000000000007
1478363634.07399988	1268.18000000000006
1478363670.21700001	1262.34999999999991
1478363705.48000002	1256.96000000000004
1478363727.34200001	1266.15000000000009
1478363728.4690001	1273.94000000000005
1478363741.25500011	1268.88000000000011
1478363770.41899991	1263.71000000000004
1478363798.59699988	1257.8900000000001
1478363817.83500004	1266.81999999999994
1478363818.71799994	1272.29999999999995
1478363822.61999989	1266.46000000000004
1478363852.98600006	1260.79999999999995
1478363889.98900008	1255.44000000000005
1478363892.1170001	1261.59999999999991
1478363892.78699994	1270.28999999999996
1478363894.03299999	1278.80999999999995
1478363896.36999989	1273.55999999999995
1478363905.0309999	1268.53999999999996
1478363930.24000001	1262.80999999999995
1478363990.51999998	1257.22000000000003
1478363998.421	1265.42000000000007
1478363999.54099989	1272.32999999999993
1478364005.13400006	1267.03999999999996
1478364029.75200009	1261.61999999999989
1478364067.50600004	1256.31999999999994
1478364082.02600002	1263.50999999999999
1478364082.89700007	1272.36999999999989
1478364083.93499994	1278.32999999999993
1478364086.37299991	1272.13000000000011
1478364107.70300007	1267.04999999999995
1478364135.5539999	1260.90000000000009
1478364166.39499998	1255.70000000000005
1478364168.33599997	1263.18000000000006
1478364169.51399994	1270.05999999999995
1478364170.23200011	1277.54999999999995
1478364183.97199988	1271.68000000000006
1478364226.05999994	1266.58999999999992
1478364255.33599997	1261.44000000000005
1478364276.8210001	1255.52999999999997
1478364301.69499993	1263.33999999999992
1478364303.52999997	1272.23000000000002
1478364323.76799989	1266.61999999999989
1478364342.24499989	1261.19000000000005
1478364373.93499994	1255.27999999999997
1478364376.23200011	1263.98000000000002
1478364377.0999999	1271.69000000000005
1478364424.43899989	1265.28999999999996
1478364459.42700005	1260.24000000000001
1478364488.31299996	1254.8900000000001
1478364493.57999992	1263.73000000000002
1478364494.60299993	1273.90000000000009
1478364516.08800006	1281.56999999999994
1478364517.80900002	1289.66000000000008
1478364518.84800005	1296.68000000000006
1478364522.6960001	1303.36999999999989
1478364523.82200003	1310.34999999999991
1478364524.9059999	1316.68000000000006
1478364529.31399989	1311.5
1478364530.49399996	1316.74000000000001
1478364531.06999993	1322.55999999999995
1478364535.625	1316.84999999999991
1478364537.61599994	1309.5
1478364538.68799996	1302.31999999999994
1478364548.65400004	1308.8900000000001
1478364552.54200006	1314.77999999999997
1478364554.89700007	1319.97000000000003
1478364555.77699995	1326.31999999999994
1478364556.80200005	1319.68000000000006
1478364559.93899989	1312.21000000000004
1478364562.92000008	1306.17000000000007
1478364592.81599998	1311.26999999999998
1478364594.71600008	1316.70000000000005
1478364597.88400006	1311.34999999999991
1478364603.04699993	1319.1400000000001
1478364604.90700006	1325.65000000000009
1478364605.96300006	1320.61999999999989
1478364607.91000009	1312.91000000000008
1478364609.22199988	1306.71000000000004
1478364641.06800008	1301.6400000000001
1478364696.29900002	1296.54999999999995
1478364737.03500009	1290.92000000000007
1478364772.33699989	1285.34999999999991
1478364796.90700006	1292.79999999999995
1478364798.0250001	1298.58999999999992
1478364812.51399994	1293.41000000000008
1478364839.921	1299.21000000000004
1478364840.90799999	1305.51999999999998
1478364850.95799994	1313.18000000000006
1478364860.90300012	1319.24000000000001
1478364868.99900007	1324.79999999999995
1478364870.02099991	1317.5
1478364871.96799994	1309.70000000000005
1478364874.78999996	1303.94000000000005
1478364887.13000011	1310.53999999999996
1478364888.97900009	1316.44000000000005
1478364894.87599993	1324.07999999999993
1478364896.11100006	1316.3900000000001
1478364897.28600001	1310.75999999999999
1478364899.06299996	1305.46000000000004
1478364912.90499997	1311.06999999999994
1478364917.15700006	1316.97000000000003
1478364939.21300006	1322.28999999999996
1478364941.20900011	1315.55999999999995
1478364942.24699998	1309.24000000000001
1478364943.56399989	1303.76999999999998
1478364947.30900002	1309.02999999999997
1478364962.25600004	1303.59999999999991
1478365015.29299998	1298.58999999999992
1478365045.58999991	1293.32999999999993
1478365047.7249999	1299.97000000000003
1478365059.88400006	1308.11999999999989
1478365066.8829999	1316.67000000000007
1478365070.79200006	1321.74000000000001
1478365076.6329999	1316.05999999999995
1478365077.70700002	1308.88000000000011
1478365078.73600006	1303.26999999999998
1478365118.33999991	1309.00999999999999
1478365124.33500004	1315.61999999999989
1478365133.05800009	1321.25
1478365136.28600001	1313.6099999999999
1478365137.15400004	1306.18000000000006
1478365138.06100011	1300.99000000000001
1478365172.97000003	1306.95000000000005
1478365179.89400005	1312.18000000000006
1478365184.26699996	1317.26999999999998
1478365194.22199988	1322.63000000000011
1478365195.54200006	1316.6400000000001
1478365196.4749999	1311.58999999999992
1478365197.39400005	1304.6400000000001
1478365234.27399993	1299.3900000000001
1478365252.57999992	1294.20000000000005
1478365286.74399996	1288.69000000000005
1478365307.73799992	1283.59999999999991
1478365331.8499999	1277.97000000000003
1478365368.88400006	1272.65000000000009
1478365391.82399988	1267.59999999999991
1478365423.04999995	1262.52999999999997
1478365438.28699994	1272.77999999999997
1478365439.21700001	1280.3599999999999
1478365443.21700001	1287.55999999999995
1478365468.94099998	1282.31999999999994
1478365494.47900009	1277.29999999999995
1478365540.60400009	1272.05999999999995
1478365713.98799992	1266.45000000000005
1478365796.55999994	1261.04999999999995
1478365821.87700009	1266.25999999999999
1478365914.06399989	1272.22000000000003
1478365934.03699994	1266.09999999999991
1478366064.94300008	1271.3599999999999
1478366069.85700011	1276.45000000000005
1478366072.15700006	1281.78999999999996
1478366081.65199995	1287.17000000000007
1478366082.97300005	1294.98000000000002
1478366086.88400006	1300.82999999999993
1478366147.04999995	1306.68000000000006
1478366322.7249999	1311.82999999999993
1478366347.81200004	1305.97000000000003
1478366388.97900009	1299.43000000000006
1478366463.03999996	1304.5
1478366522.81800008	1298.8900000000001
1478366550.52600002	1303.98000000000002
1478366560.75999999	1298.93000000000006
1478366633.21300006	1305.38000000000011
1478366684.37400007	1311.27999999999997
1478366827.72799993	1316.45000000000005
1478366861.98900008	1325.19000000000005
1478366870.00900006	1319.3599999999999
1478366911.85599995	1325.82999999999993
1478366938.52699995	1333.44000000000005
1478366953.15199995	1328.28999999999996
1478366962.36400008	1335.20000000000005
1478366997.8210001	1340.3599999999999
1478367015.59100008	1345.38000000000011
1478367024.55800009	1340.03999999999996
1478367046.94899988	1345.72000000000003
1478367115.82399988	1339.38000000000011
1478367119.81299996	1344.46000000000004
1478367242.47799993	1339.23000000000002
1478367575.76600003	1334.09999999999991
1478367652.70700002	1329.08999999999992
1478367799.10700011	1334.45000000000005
1478367813.81599998	1329.33999999999992
1478367864.94499993	1324.28999999999996
1478368029.59699988	1329.80999999999995
1478368207.16799998	1335.38000000000011
1478368417.18400002	1340.42000000000007
1478368688.27200007	1335.05999999999995
1478368719.29500008	1340.19000000000005
1478368887.97099996	1334.82999999999993
1478368911.09500003	1340.26999999999998
1478370677.26399994	1347.25999999999999
1478370680.05999994	1341.83999999999992
1478370870.94400001	1336.68000000000006
1478371302.89299989	1330.93000000000006
1478371306.7349999	1336.20000000000005
1478371520.84599996	1330.41000000000008
1478371586.04900002	1336.19000000000005
1478371726.71000004	1330.27999999999997
1478371765.50699997	1335.52999999999997
1478371797.84200001	1329.54999999999995
1478371823.26399994	1334.93000000000006
1478372211.398	1329.22000000000003
1478372233.75999999	1335.04999999999995
1478372466.65400004	1329.41000000000008
1478372491.57999992	1334.63000000000011
1478372620.95799994	1340.21000000000004
1478372644.34800005	1334.25
1478372646.29099989	1339.75
1478372690.2579999	1334
1478372798.68199992	1339.65000000000009
1478373434.39499998	1334.40000000000009
1478373462.43099999	1339.6099999999999
1478374264.51600003	1334.5
1478374270.70499992	1339.50999999999999
1478374343.98099995	1334.38000000000011
1478374409.27800012	1340.02999999999997
1478374415.31100011	1334.52999999999997
1478374492.66499996	1339.67000000000007
1478374502.97000003	1333.65000000000009
1478374671.17600012	1328.56999999999994
1478374686.16400003	1322.06999999999994
1478374704.68600011	1315.06999999999994
1478374721.59699988	1307.24000000000001
1478374728.72600007	1302.1099999999999
1478374735.78699994	1295.41000000000008
1478374739.29099989	1290.25
1478374740.41100001	1284.1099999999999
1478374747.70900011	1278.99000000000001
1478374798.93799996	1285.22000000000003
1478374831.99399996	1279.71000000000004
1478374834.80699992	1285.49000000000001
1478374844.06500006	1290.66000000000008
1478374846.37100005	1285.6400000000001
1478374858.15400004	1292.36999999999989
1478374890.14299989	1297.91000000000008
1478374913.24099994	1304.43000000000006
1478374937.71300006	1310.34999999999991
1478374961.48600006	1315.43000000000006
1478374989.79399991	1322.44000000000005
1478375009.41599989	1327.45000000000005
1478375017.62599993	1333.54999999999995
1478375041.43799996	1328.32999999999993
1478375061.16599989	1334.15000000000009
1478375066.84899998	1329.09999999999991
1478375280.75399995	1324.04999999999995
1478375318.98099995	1319
1478375329.00500011	1324.26999999999998
1478375446.81299996	1329.45000000000005
1478375483.48399997	1324.41000000000008
1478375506.375	1329.86999999999989
1478375527.93099999	1324.42000000000007
1478375561.9690001	1330.71000000000004
1478375578.71099997	1324.94000000000005
1478375831.0710001	1331.17000000000007
1478375856.97099996	1325.51999999999998
1478375990.06200004	1331.70000000000005
1478376000.77800012	1326.16000000000008
1478376059.00900006	1332.58999999999992
1478376060.91300011	1326.6099999999999
1478376222.48000002	1320.94000000000005
1478376242.65400004	1326.40000000000009
1478376274.9289999	1321.17000000000007
1478376479.80100012	1326.27999999999997
1478376540.05500007	1320.74000000000001
1478376609.07800007	1327.63000000000011
1478376638.11800003	1322.61999999999989
1478376772.73000002	1327.6400000000001
1478376860.82800007	1322.28999999999996
1478376922.1329999	1327.84999999999991
1478376926.45499992	1322.6099999999999
1478376943.31399989	1327.67000000000007
1478376945.51399994	1322.57999999999993
1478377067.08400011	1327.95000000000005
1478377076.71099997	1322.77999999999997
1478377092.5250001	1327.94000000000005
1478377109.28299999	1322.48000000000002
1478377270.64100003	1327.5
1478377574.16199994	1332.55999999999995
1478377636.5309999	1337.90000000000009
1478377647.43199992	1332.48000000000002
1478377691.43600011	1337.97000000000003
1478377763.88400006	1332.15000000000009
1478377768.9460001	1337.17000000000007
1478377773.70700002	1331.28999999999996
1478377784.04999995	1336.83999999999992
1478377863.89599991	1331.77999999999997
1478377870.27900004	1337.25
1478377993.96499991	1331.96000000000004
1478378008.55900002	1337.01999999999998
1478378164.58800006	1342.29999999999995
1478378312.05999994	1347.46000000000004
1478378420.67499995	1352.48000000000002
1478378483.62299991	1357.94000000000005
1478378592.17600012	1363.78999999999996
1478378706.6730001	1368.86999999999989
1478378801.80500007	1362.45000000000005
1478378803.20099998	1355.32999999999993
1478378805.08400011	1348.95000000000005
1478378806.79399991	1342.86999999999989
1478378809.04099989	1336.81999999999994
1478378810.375	1329.99000000000001
1478378811.14899993	1322.49000000000001
1478378813.9920001	1314.1099999999999
1478378815.18099999	1307.6400000000001
1478378816.30699992	1300.23000000000002
1478378818.00699997	1294.42000000000007
1478378819.37599993	1288.61999999999989
1478378820.37700009	1283.33999999999992
1478378821.2019999	1277.30999999999995
1478378832.0710001	1282.61999999999989
1478378856.41199994	1287.70000000000005
1478378865.46600008	1282.44000000000005
1478378962.88599992	1276.32999999999993
1478378975.92799997	1281.6099999999999
1478379082.51900005	1287.08999999999992
1478379091.17400002	1282.02999999999997
1478379107.3599999	1287.8900000000001
1478379298.31699991	1282.02999999999997
1478379628.12899995	1276.58999999999992
1478379647.52699995	1281.93000000000006
1478379693.31900001	1276.31999999999994
1478379990.40499997	1271.1400000000001
1478380017.72199988	1276.19000000000005
1478380030.91899991	1270.59999999999991
1478380089.32999992	1265.31999999999994
1478380188.18099999	1270.71000000000004
1478380219.73900008	1265.47000000000003
1478380373.5079999	1260.32999999999993
1478380375.24099994	1266.33999999999992
1478380428.42700005	1261.24000000000001
1478380545.49900007	1266.56999999999994
1478380583.81699991	1261.34999999999991
1478380727.05299997	1253.57999999999993
1478380728.59100008	1245.94000000000005
1478380732.13599992	1240.92000000000007
1478380765.87400007	1234.11999999999989
1478380767.102	1228.8599999999999
1478380768.03500009	1223.32999999999993
1478380803.14400005	1217.94000000000005
1478380804.05599999	1211.78999999999996
1478380806.0539999	1205.97000000000003
1478380855.579	1200.59999999999991
1478380881.56800008	1195.16000000000008
1478380913.28500009	1189.1400000000001
1478380914.01300001	1182.99000000000001
1478380924.39499998	1177.59999999999991
1478380946.3599999	1171.93000000000006
1478380947.39700007	1164.24000000000001
1478380978.85800004	1157.97000000000003
1478380979.78299999	1150.8599999999999
1478380980.97600007	1144.83999999999992
1478381009.14299989	1139.04999999999995
1478381010.21799994	1133.18000000000006
1478381011.04399991	1127.57999999999993
1478381050.13400006	1119.24000000000001
1478381051.11100006	1112.8900000000001
1478381051.98000002	1107.54999999999995
1478381082.45900011	1102.50999999999999
1478381093.48699999	1094.50999999999999
1478381094.31999993	1086.8900000000001
1478381127.7579999	1078.69000000000005
1478381128.62800002	1073.25
1478381129.66400003	1067.91000000000008
1478381160.66599989	1062.8900000000001
1478381165.33899999	1057.6099999999999
1478381166.30999994	1051.07999999999993
1478381167.38400006	1045.67000000000007
1478381206.97799993	1037.69000000000005
1478381208.00200009	1031.22000000000003
1478381208.93300009	1024.82999999999993
1478381241.80100012	1018.01999999999998
1478381242.98300004	1011.46000000000004
1478381243.59899998	1005.97000000000003
1478381278.125	1000.86000000000001
1478381284.12299991	992.849000000000046
1478381284.83899999	986.41700000000003
1478381286.06500006	980.815000000000055
1478381305.79099989	975.528999999999996
1478381334.34200001	970.404999999999973
1478381369.0539999	965.317000000000007
1478381381.65700006	957.44500000000005
1478381382.63400006	952.013000000000034
1478381385.71000004	946.710000000000036
1478381421.68600011	941.129999999999995
1478381422.61199999	934.494000000000028
1478381423.29299998	928.947999999999979
1478381456.89199996	922.440000000000055
1478381457.83500004	915.932000000000016
1478381458.91400003	910.078999999999951
1478381487.546	904.813999999999965
1478381513.75699997	899.686000000000035
1478381542.75	894.402000000000044
1478381593.36400008	889.346000000000004
1478381637.50099993	883.899000000000001
1478381736.48099995	878.799999999999955
1478381770.21099997	873.150999999999954
1478381867.18499994	867.69500000000005
1478381901.83899999	862.625
1478381977.25500011	854.831000000000017
1478381978.1329999	847.741999999999962
1478381979.00200009	841.712999999999965
1478381980.22900009	835.735000000000014
1478382000.86400008	828.581000000000017
1478382001.93600011	822.05600000000004
1478382002.60899997	817.046000000000049
1478382003.93000007	811.162000000000035
1478382024.84299994	804.698999999999955
1478382025.86500001	798.15300000000002
1478382026.99699998	791.553999999999974
1478382027.829	785.647000000000048
1478382037.80599999	780.618000000000052
1478382052.10299993	772.283999999999992
1478382053.1170001	765.412000000000035
1478382054.148	758.610000000000014
1478382055.37400007	752.495999999999981
1478382072.2579999	747.360000000000014
1478382082.44300008	740.869000000000028
1478382083.56699991	734.557999999999993
1478382084.44300008	728.30600000000004
1478382085.46799994	721.611999999999966
1478382091.52399993	716.294999999999959
1478382106.16000009	711.217999999999961
1478382117.96700001	706.004999999999995
1478382118.88199997	699.159999999999968
1478382119.79900002	692.293999999999983
1478382120.72199988	686.288999999999987
1478382131.75699997	681.115000000000009
1478382145.47600007	675.636999999999944
1478382149.26799989	670.171000000000049
1478382150.28299999	663.677000000000021
1478382151.62700009	656.296000000000049
1478382152.39100003	649.153999999999996
1478382158.2750001	643.971000000000004
1478382167.47600007	638.836999999999989
1478382186.77999997	633.620999999999981
1478382204.53600001	628.583999999999946
1478382222.89400005	623.057000000000016
1478382240.5999999	617.897000000000048
1478382257.2349999	612.684999999999945
1478382276.42799997	607.559999999999945
1478382294.40199995	612.94500000000005
1478382299.3900001	618.037000000000035
1478382416.35700011	612.879999999999995
1478382515.11599994	618.648000000000025
1478382516.75600004	625.844000000000051
1478382517.87800002	632.990000000000009
1478382518.75300002	640.532000000000039
1478382519.3670001	645.769999999999982
1478382520.227	652.403999999999996
1478382522.13800001	657.424999999999955
1478382525.21099997	663.29200000000003
1478382526.93799996	668.561000000000035
1478382528.11999989	673.650999999999954
1478382535.23200011	679.616999999999962
1478382578.72399998	684.691000000000031
1478382610.44199991	689.787000000000035
1478382637.81999993	694.878000000000043
1478382721.90499997	689.732999999999947
1478382739.00900006	684.52800000000002
1478382756.23000002	679.376999999999953
1478382781.25500011	674.357999999999947
1478382832.6730001	679.576999999999998
1478382836.58699989	685.149999999999977
1478382841.6099999	690.230000000000018
1478382844.64199996	695.76400000000001
1478382845.77999997	701.504000000000019
1478382846.6500001	707.644999999999982
1478382847.63000011	713.442999999999984
1478382848.65199995	719.76400000000001
1478382849.98900008	725.592999999999961
1478382857.42400002	730.609000000000037
1478382866.23300004	737.859000000000037
1478382867.49600005	743.817999999999984
1478382868.41599989	749.427999999999997
1478382870.69400001	754.581999999999994
1478382881.83400011	761.644999999999982
1478382882.70700002	767.009999999999991
1478382883.62700009	772.537000000000035
1478382884.91599989	778.23599999999999
1478382897.63000011	788.615999999999985
1478382899.01699996	795.746999999999957
1478382899.88400006	801.038000000000011
1478382901.01600003	806.394000000000005
1478382914.08400011	811.850999999999999
1478382914.89700007	817.368000000000052
1478382916.60100007	824.855999999999995
1478382917.72000003	830.254000000000019
1478382919.47799993	835.428999999999974
1478382933.05500007	841.980000000000018
1478382934.16199994	847.032000000000039
1478382935.0539999	852.267000000000053
1478382935.91799998	858.563999999999965
1478382945.93099999	863.782000000000039
1478382949.58200002	871.577999999999975
1478382950.55500007	877.171000000000049
1478382951.77900004	882.648000000000025
1478382953.84500003	887.722999999999956
1478382963.92499995	892.928999999999974
1478382968.11599994	902.27800000000002
1478382969.19300008	907.525999999999954
1478382970.36800003	913.177999999999997
1478382973.18499994	918.567999999999984
1478382981.1789999	923.764999999999986
1478382991.42400002	928.815000000000055
1478382993.22099996	934.405999999999949
1478382996.34599996	939.993000000000052
1478383002.2980001	947.029999999999973
1478383006.28999996	952.186000000000035
1478383010.24399996	958.215000000000032
1478383017.85599995	963.226999999999975
1478383030.90300012	968.274000000000001
1478383045.22600007	963.273000000000025
1478383046.24600005	957.836000000000013
1478383047.97799993	951.981999999999971
1478383048.93600011	946.471000000000004
1478383106.75300002	941.256999999999948
1478383167.24499989	936.184999999999945
1478383179.87800002	941.356999999999971
1478383353.65799999	936.331999999999994
1478383366.66100001	941.354000000000042
1478383441.1960001	947.130999999999972
1478383442.94400001	953.184999999999945
1478383444.1099999	958.317000000000007
1478383445.08299994	966.822000000000003
1478383446.97900009	971.852999999999952
1478383450.1559999	976.990000000000009
1478383454.05200005	984.450000000000045
1478383455.9920001	990.953999999999951
1478383457.72300005	996.813999999999965
1478383459.24600005	1002.55999999999995
1478383530.66799998	1007.66999999999996
1478383574.30699992	1012.98000000000002
1478383669.09899998	1007.96000000000004
1478383721.68000007	1013.10000000000002
1478383764.3210001	1020.70000000000005
1478383777.23799992	1026.26999999999998
1478383782.25099993	1031.76999999999998
1478383793.81599998	1038.70000000000005
1478383809.29299998	1044.6099999999999
1478383818.5710001	1050.29999999999995
1478383826.76399994	1055.92000000000007
1478383833.61100006	1061.24000000000001
1478383842.13199997	1066.88000000000011
1478383848.46300006	1073.66000000000008
1478383860.7650001	1080.3599999999999
1478383871.06100011	1085.76999999999998
1478383879.66000009	1091.92000000000007
1478383888.62700009	1096.96000000000004
1478383890.5150001	1102.19000000000005
1478383903.7809999	1107.3900000000001
1478383910.41700006	1112.42000000000007
1478383912.47900009	1117.52999999999997
1478383919.34200001	1122.61999999999989
1478383929.84299994	1129.58999999999992
1478383939.47199988	1137.5
1478383945.98099995	1144.55999999999995
1478383947.0150001	1151.02999999999997
1478383956.20600009	1156.75999999999999
1478383960.31999993	1161.86999999999989
1478383968.55999994	1167.38000000000011
1478383991.51999998	1172.44000000000005
1478383995.29099989	1178.95000000000005
1478384027.9749999	1184
1478384069.0539999	1189.08999999999992
1478384331.35400009	1194.72000000000003
1478384436.91400003	1189.66000000000008
1478384602.14299989	1196.58999999999992
1478384603.2750001	1203.01999999999998
1478384604.1500001	1208.91000000000008
1478384605.42400002	1215.04999999999995
1478384624.7579999	1222.31999999999994
1478384625.83299994	1227.95000000000005
1478384627.0079999	1234.25
1478384627.77699995	1239.58999999999992
1478384646.64599991	1244.99000000000001
1478384647.46399999	1251.27999999999997
1478384648.33999991	1257.46000000000004
1478384649.49000001	1263.43000000000006
1478384672.02699995	1270.28999999999996
1478384673.39100003	1276.72000000000003
1478384673.88400006	1282.69000000000005
1478384683.21600008	1287.97000000000003
1478384693.20000005	1293.68000000000006
1478384694.38400006	1300.8900000000001
1478384695.98000002	1308.06999999999994
1478384713.19899988	1313.94000000000005
1478384716.67400002	1322.04999999999995
1478384717.69899988	1328.11999999999989
1478384725.60599995	1333.3900000000001
1478384737.05100012	1339.38000000000011
1478384737.92600012	1346.49000000000001
1478384739.11100006	1351.8599999999999
1478384740.3829999	1356.91000000000008
1478384760.81399989	1362.65000000000009
1478384761.7420001	1368.28999999999996
1478384762.71399999	1373.52999999999997
1478384764.29699993	1379.48000000000002
1478384773.3210001	1384.55999999999995
1478384783.77999997	1392.74000000000001
1478384785.52200007	1399.75
1478384786.49799991	1404.90000000000009
1478384809.38100004	1410.55999999999995
1478384833.48900008	1415.80999999999995
1478384848.11599994	1420.91000000000008
1478384863.16199994	1426.43000000000006
1478384883.77699995	1432.42000000000007
1478384929.9519999	1437.98000000000002
1478385000.31100011	1443.28999999999996
1478385066.22799993	1448.47000000000003
1478385119.13800001	1453.50999999999999
1478385182.94799995	1459.1400000000001
1478385228.73399997	1452.56999999999994
1478385251.454	1457.75
1478385291.09200001	1462.92000000000007
1478385325.66400003	1467.94000000000005
1478385329.35899997	1474.77999999999997
1478385344.20799994	1480.70000000000005
1478385351.74499989	1485.8599999999999
1478385362.4460001	1491.09999999999991
1478385395.88700008	1496.42000000000007
1478385439.3900001	1501.46000000000004
1478385473.02699995	1506.49000000000001
1478385512.52600002	1511.6099999999999
1478385548.98600006	1516.75999999999999
1478385604.60599995	1522.24000000000001
1478385652.8499999	1527.25
1478385704.42400002	1532.57999999999993
1478385743.5250001	1537.73000000000002
1478385776.61800003	1542.81999999999994
1478385819.49499989	1547.97000000000003
1478385885.23600006	1553.17000000000007
1478385938.05200005	1558.20000000000005
1478385972.48099995	1563.21000000000004
1478386022.72099996	1568.80999999999995
1478386055.47799993	1573.97000000000003
1478386084.95600009	1579.09999999999991
1478386128.83899999	1584.40000000000009
1478386193.54399991	1589.45000000000005
1478386245.28800011	1594.5
1478386290.86199999	1600.00999999999999
1478386321.42000008	1605.05999999999995
1478386363.91300011	1610.31999999999994
1478386409.0710001	1615.40000000000009
1478386495.1170001	1620.6400000000001
1478386539.90899992	1625.94000000000005
1478386597.05599999	1631.68000000000006
1478386649.38000011	1637.29999999999995
1478386728.48600006	1642.40000000000009
1478386787.39700007	1647.6099999999999
1478386826.94099998	1652.6400000000001
1478386870.00999999	1658.18000000000006
1478386917.57599998	1663.75999999999999
1478386963.6789999	1669.02999999999997
1478387001.04500008	1674.25999999999999
1478387067.18700004	1679.33999999999992
1478387080.24499989	1673.90000000000009
1478387110.41100001	1679.06999999999994
1478387150.03900003	1672.1099999999999
1478387151.22000003	1666.32999999999993
1478387152.04299998	1661.30999999999995
1478387153.31599998	1655.26999999999998
1478387154.44700003	1648.18000000000006
1478387155.57200003	1641.18000000000006
1478387156.34299994	1633.25
1478387158.4690001	1626.25
1478387159.44199991	1618.63000000000011
1478387160.26600003	1613.19000000000005
1478387161.28699994	1605.19000000000005
1478387162.41100001	1598.73000000000002
1478387163.28200006	1593.38000000000011
1478387164.30900002	1586.94000000000005
1478387165.44000006	1581.1099999999999
1478387182.05599999	1586.21000000000004
1478387265.53299999	1581.06999999999994
1478387365.08999991	1586.08999999999992
1478387396.24399996	1591.1400000000001
1478387434.03299999	1596.3900000000001
1478387482.70600009	1601.66000000000008
1478387570.477	1607.47000000000003
1478387595.69799995	1602.3599999999999
1478387630.079	1607.48000000000002
1478387673.25699997	1612.67000000000007
1478387698.43499994	1606.73000000000002
1478387730.18600011	1612.06999999999994
1478387764.85299993	1604.76999999999998
1478387855.40700006	1609.80999999999995
1478387919.25600004	1604.78999999999996
1478387994.75699997	1599.67000000000007
1478388102.0999999	1594.54999999999995
1478388160.37400007	1589.46000000000004
1478388210.07399988	1584.30999999999995
1478388261.6500001	1579.1099999999999
1478388328.86199999	1573.95000000000005
1478388385.10800004	1568.66000000000008
1478388604.01799989	1573.78999999999996
1478388682.12599993	1578.95000000000005
1478388740.6730001	1583.99000000000001
1478388785.71300006	1589.13000000000011
1478388856.79399991	1594.67000000000007
1478388895.1730001	1600.26999999999998
1478388925.22900009	1594.42000000000007
1478388941.30500007	1599.51999999999998
1478388946.72399998	1593.05999999999995
1478388994.6730001	1598.41000000000008
1478389056.86899996	1603.72000000000003
1478389097.97900009	1608.76999999999998
1478389114.14599991	1602.90000000000009
1478389200.33800006	1597.8900000000001
1478389266.64499998	1592.48000000000002
1478389308.97600007	1597.54999999999995
1478389359.08599997	1602.67000000000007
1478389410.92499995	1608.20000000000005
1478389414.21099997	1602.36999999999989
1478389453.60299993	1607.59999999999991
1478389495.63400006	1612.65000000000009
1478389529.07800007	1606.22000000000003
1478389536	1600.41000000000008
1478389575.13599992	1606.27999999999997
1478389622.24399996	1611.45000000000005
1478389691.69700003	1616.75
1478389726.03500009	1610.22000000000003
1478389755.85899997	1615.32999999999993
1478389785.34800005	1609.29999999999995
1478389814.94000006	1614.69000000000005
1478389846.16300011	1609.61999999999989
1478389868.79299998	1614.74000000000001
1478389892.29500008	1608.82999999999993
1478390120.24799991	1586.03999999999996
1478390157.36299992	1576.86999999999989
1478390193.32299995	1558.04999999999995
1478390257.5769999	1551.59999999999991
1478390338.05900002	1533.24000000000001
1478390351.24600005	1525.36999999999989
1478390387.66000009	1510.79999999999995
1478390391.41100001	1519.29999999999995
1478390399.40899992	1516.30999999999995
